
Gene : CSNK1A1
Primary Tissue : None Selected	
Tissue subtype 1 : None Selected	
Histology : None Selected	
Histology subtype 1 : None Selected	

Sample Name	COSMIC Sample ID	Amino Acid	Nucleotide	Primary Tissue	Tissue subtype 1	Tissue subtype 2	Histology	Histology subtype 1	Histology subtype 2	Pubmed ID	studies	Mutation ID	Somatic Status	Sample Source	Zygosity	Chromosome NCBI36	Genome Start NCBI36	Genome Stop NCBI36	Chromosome GRCh37	Genome Start GRCh37	Genome Stop GRCh37	
100615	1520631	 	 	lung	NS	NS	carcinoma	adenocarcinoma	NS	20668451	338	 	 	Tumour Sample	 	 	 	 	 	 	 
100627	1520646	 	 	lung	NS	NS	carcinoma	adenocarcinoma	NS	20668451	338	 	 	Tumour Sample	 	 	 	 	 	 	 
100635	1520670	 	 	lung	NS	NS	carcinoma	adenocarcinoma	NS	20668451	338	 	 	Tumour Sample	 	 	 	 	 	 	 
100641	1520659	 	 	lung	NS	NS	carcinoma	adenocarcinoma	NS	20668451	338	 	 	Tumour Sample	 	 	 	 	 	 	 
100695	1520744	 	 	lung	NS	NS	carcinoma	undifferentiated_carcinoma	NS	20668451	338	 	 	Tumour Sample	 	 	 	 	 	 	 
100701	1520621	 	 	lung	NS	NS	carcinoma	adenocarcinoma	NS	20668451	338	 	 	Tumour Sample	 	 	 	 	 	 	 
100745	1520732	 	 	lung	NS	NS	carcinoma	squamous_cell_carcinoma	NS	20668451	338	 	 	Tumour Sample	 	 	 	 	 	 	 
100769	1520736	 	 	lung	NS	NS	carcinoma	squamous_cell_carcinoma	NS	20668451	338	 	 	Tumour Sample	 	 	 	 	 	 	 
100825	1520729	 	 	lung	NS	NS	carcinoma	squamous_cell_carcinoma	NS	20668451	338	 	 	Tumour Sample	 	 	 	 	 	 	 
100831	1520652	 	 	lung	NS	NS	carcinoma	adenocarcinoma	NS	20668451	338	 	 	Tumour Sample	 	 	 	 	 	 	 
100843	1520699	 	 	lung	NS	NS	carcinoma	squamous_cell_carcinoma	NS	20668451	338	 	 	Tumour Sample	 	 	 	 	 	 	 
100861	1520667	 	 	lung	NS	NS	carcinoma	adenocarcinoma	NS	20668451	338	 	 	Tumour Sample	 	 	 	 	 	 	 
100879	1520617	 	 	lung	NS	NS	carcinoma	adenocarcinoma	NS	20668451	338	 	 	Tumour Sample	 	 	 	 	 	 	 
100912	1520679	 	 	lung	NS	NS	carcinoma	squamous_cell_carcinoma	NS	20668451	338	 	 	Tumour Sample	 	 	 	 	 	 	 
100924	1520693	 	 	lung	NS	NS	carcinoma	squamous_cell_carcinoma	NS	20668451	338	 	 	Tumour Sample	 	 	 	 	 	 	 
100942	1520700	 	 	lung	NS	NS	carcinoma	squamous_cell_carcinoma	NS	20668451	338	 	 	Tumour Sample	 	 	 	 	 	 	 
100960	1520632	 	 	lung	NS	NS	carcinoma	adenocarcinoma	NS	20668451	338	 	 	Tumour Sample	 	 	 	 	 	 	 
101047	1520446	 	 	breast	NS	NS	carcinoma	HER-positive_carcinoma	NS	20668451	338	 	 	Tumour Sample	 	 	 	 	 	 	 
101055	1520465	 	 	breast	NS	NS	carcinoma	HER-positive_carcinoma	NS	20668451	338	 	 	Tumour Sample	 	 	 	 	 	 	 
101063	1520530	 	 	breast	NS	NS	carcinoma	ER-PR-positive_carcinoma	NS	20668451	338	 	 	Tumour Sample	 	 	 	 	 	 	 
101119	1520636	 	 	lung	NS	NS	carcinoma	adenocarcinoma	NS	20668451	338	 	 	Tumour Sample	 	 	 	 	 	 	 
101125	1520660	 	 	lung	NS	NS	carcinoma	adenocarcinoma	NS	20668451	338	 	 	Tumour Sample	 	 	 	 	 	 	 
101195	1520738	 	 	lung	NS	NS	carcinoma	squamous_cell_carcinoma	NS	20668451	338	 	 	Tumour Sample	 	 	 	 	 	 	 
101207	1520725	 	 	lung	NS	NS	carcinoma	squamous_cell_carcinoma	NS	20668451	338	 	 	Tumour Sample	 	 	 	 	 	 	 
101225	1520655	 	 	lung	NS	NS	carcinoma	adenocarcinoma	NS	20668451	338	 	 	Tumour Sample	 	 	 	 	 	 	 
101286	1520623	 	 	lung	NS	NS	carcinoma	adenocarcinoma	NS	20668451	338	 	 	Tumour Sample	 	 	 	 	 	 	 
101359	1520649	 	 	lung	NS	NS	carcinoma	adenocarcinoma	NS	20668451	338	 	 	Tumour Sample	 	 	 	 	 	 	 
101384	1520650	 	 	lung	NS	NS	carcinoma	adenocarcinoma	NS	20668451	338	 	 	Tumour Sample	 	 	 	 	 	 	 
101692	1520692	 	 	lung	NS	NS	carcinoma	squamous_cell_carcinoma	NS	20668451	338	 	 	Tumour Sample	 	 	 	 	 	 	 
101704	1520633	 	 	lung	NS	NS	carcinoma	adenocarcinoma	NS	20668451	338	 	 	Tumour Sample	 	 	 	 	 	 	 
102004	1520681	 	 	lung	NS	NS	carcinoma	squamous_cell_carcinoma	NS	20668451	338	 	 	Tumour Sample	 	 	 	 	 	 	 
102010	1520724	 	 	lung	NS	NS	carcinoma	squamous_cell_carcinoma	NS	20668451	338	 	 	Tumour Sample	 	 	 	 	 	 	 
102022	1520734	 	 	lung	NS	NS	carcinoma	squamous_cell_carcinoma	NS	20668451	338	 	 	Tumour Sample	 	 	 	 	 	 	 
103044	1520663	 	 	lung	NS	NS	carcinoma	adenocarcinoma	NS	20668451	338	 	 	Tumour Sample	 	 	 	 	 	 	 
103445	1520490	 	 	breast	NS	NS	carcinoma	HER-positive_carcinoma	NS	20668451	338	 	 	Tumour Sample	 	 	 	 	 	 	 
103446	1520596	 	 	breast	NS	NS	carcinoma	basal_(triple-negative)_carcinoma	NS	20668451	338	 	 	Tumour Sample	 	 	 	 	 	 	 
103447	1520492	 	 	breast	NS	NS	carcinoma	ER-PR-positive_carcinoma	NS	20668451	338	 	 	Tumour Sample	 	 	 	 	 	 	 
103448	1520566	 	 	breast	NS	NS	carcinoma	basal_(triple-negative)_carcinoma	NS	20668451	338	 	 	Tumour Sample	 	 	 	 	 	 	 
103450	1520559	 	 	breast	NS	NS	carcinoma	basal_(triple-negative)_carcinoma	NS	20668451	338	 	 	Tumour Sample	 	 	 	 	 	 	 
103451	1520529	 	 	breast	NS	NS	carcinoma	ER-PR-positive_carcinoma	NS	20668451	338	 	 	Tumour Sample	 	 	 	 	 	 	 
103452	1520493	 	 	breast	NS	NS	carcinoma	ER-PR-positive_carcinoma	NS	20668451	338	 	 	Tumour Sample	 	 	 	 	 	 	 
103477	1520640	 	 	lung	NS	NS	carcinoma	adenocarcinoma	NS	20668451	338	 	 	Tumour Sample	 	 	 	 	 	 	 
103497	1520691	 	 	lung	NS	NS	carcinoma	squamous_cell_carcinoma	NS	20668451	338	 	 	Tumour Sample	 	 	 	 	 	 	 
103515	1520710	 	 	lung	NS	NS	carcinoma	squamous_cell_carcinoma	NS	20668451	338	 	 	Tumour Sample	 	 	 	 	 	 	 
103591	1520639	 	 	lung	NS	NS	carcinoma	adenocarcinoma	NS	20668451	338	 	 	Tumour Sample	 	 	 	 	 	 	 
103595	1520712	 	 	lung	NS	NS	carcinoma	squamous_cell_carcinoma	NS	20668451	338	 	 	Tumour Sample	 	 	 	 	 	 	 
103639	1520742	 	 	lung	NS	NS	carcinoma	undifferentiated_carcinoma	NS	20668451	338	 	 	Tumour Sample	 	 	 	 	 	 	 
103645	1520661	 	 	lung	NS	NS	carcinoma	adenocarcinoma	NS	20668451	338	 	 	Tumour Sample	 	 	 	 	 	 	 
103786	1520456	 	 	breast	NS	NS	carcinoma	HER-positive_carcinoma	NS	20668451	338	 	 	Tumour Sample	 	 	 	 	 	 	 
103788	1520449	 	 	breast	NS	NS	carcinoma	HER-positive_carcinoma	NS	20668451	338	 	 	Tumour Sample	 	 	 	 	 	 	 
103796	1520597	 	 	breast	NS	NS	carcinoma	basal_(triple-negative)_carcinoma	NS	20668451	338	 	 	Tumour Sample	 	 	 	 	 	 	 
103800	1520584	 	 	breast	NS	NS	carcinoma	basal_(triple-negative)_carcinoma	NS	20668451	338	 	 	Tumour Sample	 	 	 	 	 	 	 
103802	1520607	 	 	breast	NS	NS	carcinoma	basal_(triple-negative)_carcinoma	NS	20668451	338	 	 	Tumour Sample	 	 	 	 	 	 	 
103808	1520512	 	 	breast	NS	NS	carcinoma	ER-PR-positive_carcinoma	NS	20668451	338	 	 	Tumour Sample	 	 	 	 	 	 	 
103812	1520513	 	 	breast	NS	NS	carcinoma	ER-PR-positive_carcinoma	NS	20668451	338	 	 	Tumour Sample	 	 	 	 	 	 	 
103826	1520496	 	 	breast	NS	NS	carcinoma	ER-PR-positive_carcinoma	NS	20668451	338	 	 	Tumour Sample	 	 	 	 	 	 	 
103828	1520502	 	 	breast	NS	NS	carcinoma	ER-PR-positive_carcinoma	NS	20668451	338	 	 	Tumour Sample	 	 	 	 	 	 	 
103834	1520535	 	 	breast	NS	NS	carcinoma	ER-PR-positive_carcinoma	NS	20668451	338	 	 	Tumour Sample	 	 	 	 	 	 	 
103842	1520550	 	 	breast	NS	NS	carcinoma	ER-PR-positive_carcinoma	NS	20668451	338	 	 	Tumour Sample	 	 	 	 	 	 	 
103844	1520600	 	 	breast	NS	NS	carcinoma	basal_(triple-negative)_carcinoma	NS	20668451	338	 	 	Tumour Sample	 	 	 	 	 	 	 
103848	1520521	 	 	breast	NS	NS	carcinoma	ER-PR-positive_carcinoma	NS	20668451	338	 	 	Tumour Sample	 	 	 	 	 	 	 
103850	1520536	 	 	breast	NS	NS	carcinoma	ER-PR-positive_carcinoma	NS	20668451	338	 	 	Tumour Sample	 	 	 	 	 	 	 
103852	1520579	 	 	breast	NS	NS	carcinoma	basal_(triple-negative)_carcinoma	NS	20668451	338	 	 	Tumour Sample	 	 	 	 	 	 	 
103862	1520537	 	 	breast	NS	NS	carcinoma	ER-PR-positive_carcinoma	NS	20668451	338	 	 	Tumour Sample	 	 	 	 	 	 	 
103872	1520505	 	 	breast	NS	NS	carcinoma	ER-PR-positive_carcinoma	NS	20668451	338	 	 	Tumour Sample	 	 	 	 	 	 	 
103930	1520522	 	 	breast	NS	NS	carcinoma	ER-PR-positive_carcinoma	NS	20668451	338	 	 	Tumour Sample	 	 	 	 	 	 	 
103937	1520451	 	 	breast	NS	NS	carcinoma	HER-positive_carcinoma	NS	20668451	338	 	 	Tumour Sample	 	 	 	 	 	 	 
103940	1520569	 	 	breast	NS	NS	carcinoma	basal_(triple-negative)_carcinoma	NS	20668451	338	 	 	Tumour Sample	 	 	 	 	 	 	 
103941	1520498	 	 	breast	NS	NS	carcinoma	ER-PR-positive_carcinoma	NS	20668451	338	 	 	Tumour Sample	 	 	 	 	 	 	 
103943	1520469	 	 	breast	NS	NS	carcinoma	HER-positive_carcinoma	NS	20668451	338	 	 	Tumour Sample	 	 	 	 	 	 	 
103947	1520563	 	 	breast	NS	NS	carcinoma	basal_(triple-negative)_carcinoma	NS	20668451	338	 	 	Tumour Sample	 	 	 	 	 	 	 
103955	1520470	 	 	breast	NS	NS	carcinoma	HER-positive_carcinoma	NS	20668451	338	 	 	Tumour Sample	 	 	 	 	 	 	 
103959	1520506	 	 	breast	NS	NS	carcinoma	ER-PR-positive_carcinoma	NS	20668451	338	 	 	Tumour Sample	 	 	 	 	 	 	 
103977	1520471	 	 	breast	NS	NS	carcinoma	HER-positive_carcinoma	NS	20668451	338	 	 	Tumour Sample	 	 	 	 	 	 	 
103978	1520472	 	 	breast	NS	NS	carcinoma	HER-positive_carcinoma	NS	20668451	338	 	 	Tumour Sample	 	 	 	 	 	 	 
103979	1520538	 	 	breast	NS	NS	carcinoma	ER-PR-positive_carcinoma	NS	20668451	338	 	 	Tumour Sample	 	 	 	 	 	 	 
104022	1520768	 	 	ovary	NS	NS	other	neoplasm	NS	20668451	338	 	 	Tumour Sample	 	 	 	 	 	 	 
104055	1520571	 	 	breast	NS	NS	carcinoma	basal_(triple-negative)_carcinoma	NS	20668451	338	 	 	Tumour Sample	 	 	 	 	 	 	 
104065	1520507	 	 	breast	NS	NS	carcinoma	ER-PR-positive_carcinoma	NS	20668451	338	 	 	Tumour Sample	 	 	 	 	 	 	 
104066	1520581	 	 	breast	NS	NS	carcinoma	basal_(triple-negative)_carcinoma	NS	20668451	338	 	 	Tumour Sample	 	 	 	 	 	 	 
104069	1520564	 	 	breast	NS	NS	carcinoma	basal_(triple-negative)_carcinoma	NS	20668451	338	 	 	Tumour Sample	 	 	 	 	 	 	 
104070	1520544	 	 	breast	NS	NS	carcinoma	ER-PR-positive_carcinoma	NS	20668451	338	 	 	Tumour Sample	 	 	 	 	 	 	 
104092	1520528	 	 	breast	NS	NS	carcinoma	ER-PR-positive_carcinoma	NS	20668451	338	 	 	Tumour Sample	 	 	 	 	 	 	 
104104	1520445	 	 	breast	NS	NS	carcinoma	HER-positive_carcinoma	NS	20668451	338	 	 	Tumour Sample	 	 	 	 	 	 	 
104172	1520558	 	 	breast	NS	NS	carcinoma	basal_(triple-negative)_carcinoma	NS	20668451	338	 	 	Tumour Sample	 	 	 	 	 	 	 
104327	1520606	 	 	breast	NS	NS	carcinoma	basal_(triple-negative)_carcinoma	NS	20668451	338	 	 	Tumour Sample	 	 	 	 	 	 	 
104379	1520575	 	 	breast	NS	NS	carcinoma	basal_(triple-negative)_carcinoma	NS	20668451	338	 	 	Tumour Sample	 	 	 	 	 	 	 
104855	1520794	 	 	ovary	NS	NS	other	neoplasm	NS	20668451	338	 	 	Tumour Sample	 	 	 	 	 	 	 
104863	1520795	 	 	ovary	NS	NS	other	neoplasm	NS	20668451	338	 	 	Tumour Sample	 	 	 	 	 	 	 
104867	1520749	 	 	ovary	NS	NS	other	neoplasm	NS	20668451	338	 	 	Tumour Sample	 	 	 	 	 	 	 
104871	1520779	 	 	ovary	NS	NS	other	neoplasm	NS	20668451	338	 	 	Tumour Sample	 	 	 	 	 	 	 
104875	1520771	 	 	ovary	NS	NS	other	neoplasm	NS	20668451	338	 	 	Tumour Sample	 	 	 	 	 	 	 
104879	1520796	 	 	ovary	NS	NS	other	neoplasm	NS	20668451	338	 	 	Tumour Sample	 	 	 	 	 	 	 
104913	1520770	 	 	ovary	NS	NS	other	neoplasm	NS	20668451	338	 	 	Tumour Sample	 	 	 	 	 	 	 
104929	1520765	 	 	ovary	NS	NS	other	neoplasm	NS	20668451	338	 	 	Tumour Sample	 	 	 	 	 	 	 
104933	1520797	 	 	ovary	NS	NS	other	neoplasm	NS	20668451	338	 	 	Tumour Sample	 	 	 	 	 	 	 
104961	1520752	 	 	ovary	NS	NS	other	neoplasm	NS	20668451	338	 	 	Tumour Sample	 	 	 	 	 	 	 
105062	1520763	 	 	ovary	NS	NS	other	neoplasm	NS	20668451	338	 	 	Tumour Sample	 	 	 	 	 	 	 
105068	1520764	 	 	ovary	NS	NS	other	neoplasm	NS	20668451	338	 	 	Tumour Sample	 	 	 	 	 	 	 
105219	1520726	 	 	lung	NS	NS	carcinoma	squamous_cell_carcinoma	NS	20668451	338	 	 	Tumour Sample	 	 	 	 	 	 	 
105225	1520685	 	 	lung	NS	NS	carcinoma	squamous_cell_carcinoma	NS	20668451	338	 	 	Tumour Sample	 	 	 	 	 	 	 
105237	1520714	 	 	lung	NS	NS	carcinoma	squamous_cell_carcinoma	NS	20668451	338	 	 	Tumour Sample	 	 	 	 	 	 	 
105243	1520711	 	 	lung	NS	NS	carcinoma	squamous_cell_carcinoma	NS	20668451	338	 	 	Tumour Sample	 	 	 	 	 	 	 
105253	1520545	 	 	breast	NS	NS	carcinoma	ER-PR-positive_carcinoma	NS	20668451	338	 	 	Tumour Sample	 	 	 	 	 	 	 
105283	1520508	 	 	breast	NS	NS	carcinoma	ER-PR-positive_carcinoma	NS	20668451	338	 	 	Tumour Sample	 	 	 	 	 	 	 
105289	1520527	 	 	breast	NS	NS	carcinoma	ER-PR-positive_carcinoma	NS	20668451	338	 	 	Tumour Sample	 	 	 	 	 	 	 
105301	1520509	 	 	breast	NS	NS	carcinoma	ER-PR-positive_carcinoma	NS	20668451	338	 	 	Tumour Sample	 	 	 	 	 	 	 
105307	1520486	 	 	breast	NS	NS	carcinoma	HER-positive_carcinoma	NS	20668451	338	 	 	Tumour Sample	 	 	 	 	 	 	 
105353	1520510	 	 	breast	NS	NS	carcinoma	ER-PR-positive_carcinoma	NS	20668451	338	 	 	Tumour Sample	 	 	 	 	 	 	 
105359	1520592	 	 	breast	NS	NS	carcinoma	basal_(triple-negative)_carcinoma	NS	20668451	338	 	 	Tumour Sample	 	 	 	 	 	 	 
105369	1520583	 	 	breast	NS	NS	carcinoma	basal_(triple-negative)_carcinoma	NS	20668451	338	 	 	Tumour Sample	 	 	 	 	 	 	 
105435	1520560	 	 	breast	NS	NS	carcinoma	basal_(triple-negative)_carcinoma	NS	20668451	338	 	 	Tumour Sample	 	 	 	 	 	 	 
105532	1520447	 	 	breast	NS	NS	carcinoma	HER-positive_carcinoma	NS	20668451	338	 	 	Tumour Sample	 	 	 	 	 	 	 
105538	1520477	 	 	breast	NS	NS	carcinoma	HER-positive_carcinoma	NS	20668451	338	 	 	Tumour Sample	 	 	 	 	 	 	 
105544	1520478	 	 	breast	NS	NS	carcinoma	HER-positive_carcinoma	NS	20668451	338	 	 	Tumour Sample	 	 	 	 	 	 	 
107046	1520473	 	 	breast	NS	NS	carcinoma	HER-positive_carcinoma	NS	20668451	338	 	 	Tumour Sample	 	 	 	 	 	 	 
107047	1520489	 	 	breast	NS	NS	carcinoma	HER-positive_carcinoma	NS	20668451	338	 	 	Tumour Sample	 	 	 	 	 	 	 
107048	1520443	 	 	breast	NS	NS	carcinoma	HER-positive_carcinoma	NS	20668451	338	 	 	Tumour Sample	 	 	 	 	 	 	 
107051	1520474	 	 	breast	NS	NS	carcinoma	HER-positive_carcinoma	NS	20668451	338	 	 	Tumour Sample	 	 	 	 	 	 	 
107053	1520452	 	 	breast	NS	NS	carcinoma	HER-positive_carcinoma	NS	20668451	338	 	 	Tumour Sample	 	 	 	 	 	 	 
107076	1520484	 	 	breast	NS	NS	carcinoma	HER-positive_carcinoma	NS	20668451	338	 	 	Tumour Sample	 	 	 	 	 	 	 
107077	1520523	 	 	breast	NS	NS	carcinoma	ER-PR-positive_carcinoma	NS	20668451	338	 	 	Tumour Sample	 	 	 	 	 	 	 
107079	1520580	 	 	breast	NS	NS	carcinoma	basal_(triple-negative)_carcinoma	NS	20668451	338	 	 	Tumour Sample	 	 	 	 	 	 	 
107082	1520539	 	 	breast	NS	NS	carcinoma	ER-PR-positive_carcinoma	NS	20668451	338	 	 	Tumour Sample	 	 	 	 	 	 	 
107084	1520551	 	 	breast	NS	NS	carcinoma	ER-PR-positive_carcinoma	NS	20668451	338	 	 	Tumour Sample	 	 	 	 	 	 	 
107085	1520540	 	 	breast	NS	NS	carcinoma	ER-PR-positive_carcinoma	NS	20668451	338	 	 	Tumour Sample	 	 	 	 	 	 	 
107086	1520557	 	 	breast	NS	NS	carcinoma	basal_(triple-negative)_carcinoma	NS	20668451	338	 	 	Tumour Sample	 	 	 	 	 	 	 
107088	1520589	 	 	breast	NS	NS	carcinoma	basal_(triple-negative)_carcinoma	NS	20668451	338	 	 	Tumour Sample	 	 	 	 	 	 	 
107093	1520524	 	 	breast	NS	NS	carcinoma	ER-PR-positive_carcinoma	NS	20668451	338	 	 	Tumour Sample	 	 	 	 	 	 	 
107094	1520590	 	 	breast	NS	NS	carcinoma	basal_(triple-negative)_carcinoma	NS	20668451	338	 	 	Tumour Sample	 	 	 	 	 	 	 
107097	1520552	 	 	breast	NS	NS	carcinoma	ER-PR-positive_carcinoma	NS	20668451	338	 	 	Tumour Sample	 	 	 	 	 	 	 
107104	1520525	 	 	breast	NS	NS	carcinoma	ER-PR-positive_carcinoma	NS	20668451	338	 	 	Tumour Sample	 	 	 	 	 	 	 
107105	1520601	 	 	breast	NS	NS	carcinoma	basal_(triple-negative)_carcinoma	NS	20668451	338	 	 	Tumour Sample	 	 	 	 	 	 	 
107106	1520526	 	 	breast	NS	NS	carcinoma	ER-PR-positive_carcinoma	NS	20668451	338	 	 	Tumour Sample	 	 	 	 	 	 	 
107110	1520541	 	 	breast	NS	NS	carcinoma	ER-PR-positive_carcinoma	NS	20668451	338	 	 	Tumour Sample	 	 	 	 	 	 	 
107117	1520553	 	 	breast	NS	NS	carcinoma	ER-PR-positive_carcinoma	NS	20668451	338	 	 	Tumour Sample	 	 	 	 	 	 	 
107122	1520542	 	 	breast	NS	NS	carcinoma	ER-PR-positive_carcinoma	NS	20668451	338	 	 	Tumour Sample	 	 	 	 	 	 	 
107127	1520602	 	 	breast	NS	NS	carcinoma	basal_(triple-negative)_carcinoma	NS	20668451	338	 	 	Tumour Sample	 	 	 	 	 	 	 
107128	1520554	 	 	breast	NS	NS	carcinoma	ER-PR-positive_carcinoma	NS	20668451	338	 	 	Tumour Sample	 	 	 	 	 	 	 
107129	1520491	 	 	breast	NS	NS	carcinoma	ER-PR-positive_carcinoma	NS	20668451	338	 	 	Tumour Sample	 	 	 	 	 	 	 
107136	1520591	 	 	breast	NS	NS	carcinoma	basal_(triple-negative)_carcinoma	NS	20668451	338	 	 	Tumour Sample	 	 	 	 	 	 	 
107139	1520612	 	 	breast	NS	NS	carcinoma	basal_(triple-negative)_carcinoma	NS	20668451	338	 	 	Tumour Sample	 	 	 	 	 	 	 
107143	1520613	 	 	breast	NS	NS	carcinoma	basal_(triple-negative)_carcinoma	NS	20668451	338	 	 	Tumour Sample	 	 	 	 	 	 	 
107144	1520543	 	 	breast	NS	NS	carcinoma	ER-PR-positive_carcinoma	NS	20668451	338	 	 	Tumour Sample	 	 	 	 	 	 	 
107384	1520459	 	 	breast	NS	NS	carcinoma	HER-positive_carcinoma	NS	20668451	338	 	 	Tumour Sample	 	 	 	 	 	 	 
107388	1520460	 	 	breast	NS	NS	carcinoma	HER-positive_carcinoma	NS	20668451	338	 	 	Tumour Sample	 	 	 	 	 	 	 
107390	1520468	 	 	breast	NS	NS	carcinoma	HER-positive_carcinoma	NS	20668451	338	 	 	Tumour Sample	 	 	 	 	 	 	 
107393	1520578	 	 	breast	NS	NS	carcinoma	basal_(triple-negative)_carcinoma	NS	20668451	338	 	 	Tumour Sample	 	 	 	 	 	 	 
107394	1520531	 	 	breast	NS	NS	carcinoma	ER-PR-positive_carcinoma	NS	20668451	338	 	 	Tumour Sample	 	 	 	 	 	 	 
107395	1520514	 	 	breast	NS	NS	carcinoma	ER-PR-positive_carcinoma	NS	20668451	338	 	 	Tumour Sample	 	 	 	 	 	 	 
107397	1520480	 	 	breast	NS	NS	carcinoma	HER-positive_carcinoma	NS	20668451	338	 	 	Tumour Sample	 	 	 	 	 	 	 
107398	1520442	 	 	breast	NS	NS	carcinoma	HER-positive_carcinoma	NS	20668451	338	 	 	Tumour Sample	 	 	 	 	 	 	 
107399	1520598	 	 	breast	NS	NS	carcinoma	basal_(triple-negative)_carcinoma	NS	20668451	338	 	 	Tumour Sample	 	 	 	 	 	 	 
107402	1520586	 	 	breast	NS	NS	carcinoma	basal_(triple-negative)_carcinoma	NS	20668451	338	 	 	Tumour Sample	 	 	 	 	 	 	 
107403	1520608	 	 	breast	NS	NS	carcinoma	basal_(triple-negative)_carcinoma	NS	20668451	338	 	 	Tumour Sample	 	 	 	 	 	 	 
107414	1520599	 	 	breast	NS	NS	carcinoma	basal_(triple-negative)_carcinoma	NS	20668451	338	 	 	Tumour Sample	 	 	 	 	 	 	 
107416	1520487	 	 	breast	NS	NS	carcinoma	HER-positive_carcinoma	NS	20668451	338	 	 	Tumour Sample	 	 	 	 	 	 	 
107418	1520587	 	 	breast	NS	NS	carcinoma	basal_(triple-negative)_carcinoma	NS	20668451	338	 	 	Tumour Sample	 	 	 	 	 	 	 
107423	1520532	 	 	breast	NS	NS	carcinoma	ER-PR-positive_carcinoma	NS	20668451	338	 	 	Tumour Sample	 	 	 	 	 	 	 
107424	1520481	 	 	breast	NS	NS	carcinoma	HER-positive_carcinoma	NS	20668451	338	 	 	Tumour Sample	 	 	 	 	 	 	 
107426	1520609	 	 	breast	NS	NS	carcinoma	basal_(triple-negative)_carcinoma	NS	20668451	338	 	 	Tumour Sample	 	 	 	 	 	 	 
107427	1520516	 	 	breast	NS	NS	carcinoma	ER-PR-positive_carcinoma	NS	20668451	338	 	 	Tumour Sample	 	 	 	 	 	 	 
107428	1520568	 	 	breast	NS	NS	carcinoma	basal_(triple-negative)_carcinoma	NS	20668451	338	 	 	Tumour Sample	 	 	 	 	 	 	 
107429	1520461	 	 	breast	NS	NS	carcinoma	HER-positive_carcinoma	NS	20668451	338	 	 	Tumour Sample	 	 	 	 	 	 	 
107430	1520444	 	 	breast	NS	NS	carcinoma	HER-positive_carcinoma	NS	20668451	338	 	 	Tumour Sample	 	 	 	 	 	 	 
107521	1520515	 	 	breast	NS	NS	carcinoma	ER-PR-positive_carcinoma	NS	20668451	338	 	 	Tumour Sample	 	 	 	 	 	 	 
107527	1520500	 	 	breast	NS	NS	carcinoma	ER-PR-positive_carcinoma	NS	20668451	338	 	 	Tumour Sample	 	 	 	 	 	 	 
107529	1520432	 	 	breast	NS	NS	carcinoma	HER-positive_carcinoma	NS	20668451	338	 	 	Tumour Sample	 	 	 	 	 	 	 
107530	1520485	 	 	breast	NS	NS	carcinoma	HER-positive_carcinoma	NS	20668451	338	 	 	Tumour Sample	 	 	 	 	 	 	 
107531	1520582	 	 	breast	NS	NS	carcinoma	basal_(triple-negative)_carcinoma	NS	20668451	338	 	 	Tumour Sample	 	 	 	 	 	 	 
107532	1520585	 	 	breast	NS	NS	carcinoma	basal_(triple-negative)_carcinoma	NS	20668451	338	 	 	Tumour Sample	 	 	 	 	 	 	 
107534	1520479	 	 	breast	NS	NS	carcinoma	HER-positive_carcinoma	NS	20668451	338	 	 	Tumour Sample	 	 	 	 	 	 	 
107535	1520450	 	 	breast	NS	NS	carcinoma	HER-positive_carcinoma	NS	20668451	338	 	 	Tumour Sample	 	 	 	 	 	 	 
107537	1520457	 	 	breast	NS	NS	carcinoma	HER-positive_carcinoma	NS	20668451	338	 	 	Tumour Sample	 	 	 	 	 	 	 
107539	1520462	 	 	breast	NS	NS	carcinoma	HER-positive_carcinoma	NS	20668451	338	 	 	Tumour Sample	 	 	 	 	 	 	 
107541	1520610	 	 	breast	NS	NS	carcinoma	basal_(triple-negative)_carcinoma	NS	20668451	338	 	 	Tumour Sample	 	 	 	 	 	 	 
107542	1520463	 	 	breast	NS	NS	carcinoma	HER-positive_carcinoma	NS	20668451	338	 	 	Tumour Sample	 	 	 	 	 	 	 
107543	1520588	 	 	breast	NS	NS	carcinoma	basal_(triple-negative)_carcinoma	NS	20668451	338	 	 	Tumour Sample	 	 	 	 	 	 	 
107544	1520556	 	 	breast	NS	NS	carcinoma	basal_(triple-negative)_carcinoma	NS	20668451	338	 	 	Tumour Sample	 	 	 	 	 	 	 
107546	1520497	 	 	breast	NS	NS	carcinoma	ER-PR-positive_carcinoma	NS	20668451	338	 	 	Tumour Sample	 	 	 	 	 	 	 
107550	1520567	 	 	breast	NS	NS	carcinoma	basal_(triple-negative)_carcinoma	NS	20668451	338	 	 	Tumour Sample	 	 	 	 	 	 	 
107553	1520548	 	 	breast	NS	NS	carcinoma	ER-PR-positive_carcinoma	NS	20668451	338	 	 	Tumour Sample	 	 	 	 	 	 	 
107554	1520577	 	 	breast	NS	NS	carcinoma	basal_(triple-negative)_carcinoma	NS	20668451	338	 	 	Tumour Sample	 	 	 	 	 	 	 
107557	1520517	 	 	breast	NS	NS	carcinoma	ER-PR-positive_carcinoma	NS	20668451	338	 	 	Tumour Sample	 	 	 	 	 	 	 
107572	1520467	 	 	breast	NS	NS	carcinoma	HER-positive_carcinoma	NS	20668451	338	 	 	Tumour Sample	 	 	 	 	 	 	 
107576	1520549	 	 	breast	NS	NS	carcinoma	ER-PR-positive_carcinoma	NS	20668451	338	 	 	Tumour Sample	 	 	 	 	 	 	 
107578	1520518	 	 	breast	NS	NS	carcinoma	ER-PR-positive_carcinoma	NS	20668451	338	 	 	Tumour Sample	 	 	 	 	 	 	 
107582	1520482	 	 	breast	NS	NS	carcinoma	HER-positive_carcinoma	NS	20668451	338	 	 	Tumour Sample	 	 	 	 	 	 	 
107586	1520483	 	 	breast	NS	NS	carcinoma	HER-positive_carcinoma	NS	20668451	338	 	 	Tumour Sample	 	 	 	 	 	 	 
107588	1520533	 	 	breast	NS	NS	carcinoma	ER-PR-positive_carcinoma	NS	20668451	338	 	 	Tumour Sample	 	 	 	 	 	 	 
107590	1520519	 	 	breast	NS	NS	carcinoma	ER-PR-positive_carcinoma	NS	20668451	338	 	 	Tumour Sample	 	 	 	 	 	 	 
107594	1520547	 	 	breast	NS	NS	carcinoma	ER-PR-positive_carcinoma	NS	20668451	338	 	 	Tumour Sample	 	 	 	 	 	 	 
107595	1520488	 	 	breast	NS	NS	carcinoma	HER-positive_carcinoma	NS	20668451	338	 	 	Tumour Sample	 	 	 	 	 	 	 
107597	1520458	 	 	breast	NS	NS	carcinoma	HER-positive_carcinoma	NS	20668451	338	 	 	Tumour Sample	 	 	 	 	 	 	 
107599	1520576	 	 	breast	NS	NS	carcinoma	basal_(triple-negative)_carcinoma	NS	20668451	338	 	 	Tumour Sample	 	 	 	 	 	 	 
107600	1520501	 	 	breast	NS	NS	carcinoma	ER-PR-positive_carcinoma	NS	20668451	338	 	 	Tumour Sample	 	 	 	 	 	 	 
107602	1520604	 	 	breast	NS	NS	carcinoma	basal_(triple-negative)_carcinoma	NS	20668451	338	 	 	Tumour Sample	 	 	 	 	 	 	 
107678	1520573	 	 	breast	NS	NS	carcinoma	basal_(triple-negative)_carcinoma	NS	20668451	338	 	 	Tumour Sample	 	 	 	 	 	 	 
107686	1520520	 	 	breast	NS	NS	carcinoma	ER-PR-positive_carcinoma	NS	20668451	338	 	 	Tumour Sample	 	 	 	 	 	 	 
107702	1520464	 	 	breast	NS	NS	carcinoma	HER-positive_carcinoma	NS	20668451	338	 	 	Tumour Sample	 	 	 	 	 	 	 
107706	1520534	 	 	breast	NS	NS	carcinoma	ER-PR-positive_carcinoma	NS	20668451	338	 	 	Tumour Sample	 	 	 	 	 	 	 
107710	1520503	 	 	breast	NS	NS	carcinoma	ER-PR-positive_carcinoma	NS	20668451	338	 	 	Tumour Sample	 	 	 	 	 	 	 
107714	1520453	 	 	breast	NS	NS	carcinoma	HER-positive_carcinoma	NS	20668451	338	 	 	Tumour Sample	 	 	 	 	 	 	 
107722	1520555	 	 	breast	NS	NS	carcinoma	ER-PR-positive_carcinoma	NS	20668451	338	 	 	Tumour Sample	 	 	 	 	 	 	 
107734	1520495	 	 	breast	NS	NS	carcinoma	ER-PR-positive_carcinoma	NS	20668451	338	 	 	Tumour Sample	 	 	 	 	 	 	 
107746	1520572	 	 	breast	NS	NS	carcinoma	basal_(triple-negative)_carcinoma	NS	20668451	338	 	 	Tumour Sample	 	 	 	 	 	 	 
107778	1520603	 	 	breast	NS	NS	carcinoma	basal_(triple-negative)_carcinoma	NS	20668451	338	 	 	Tumour Sample	 	 	 	 	 	 	 
107850	1520614	 	 	breast	NS	NS	carcinoma	basal_(triple-negative)_carcinoma	NS	20668451	338	 	 	Tumour Sample	 	 	 	 	 	 	 
107894	1520574	 	 	breast	NS	NS	carcinoma	basal_(triple-negative)_carcinoma	NS	20668451	338	 	 	Tumour Sample	 	 	 	 	 	 	 
107970	1520605	 	 	breast	NS	NS	carcinoma	basal_(triple-negative)_carcinoma	NS	20668451	338	 	 	Tumour Sample	 	 	 	 	 	 	 
108239	1520807	 	 	pancreas	NS	NS	carcinoma	NS	NS	20668451	338	 	 	Tumour Sample	 	 	 	 	 	 	 
108394	1520777	 	 	ovary	NS	NS	other	neoplasm	NS	20668451	338	 	 	Tumour Sample	 	 	 	 	 	 	 
108398	1520769	 	 	ovary	NS	NS	other	neoplasm	NS	20668451	338	 	 	Tumour Sample	 	 	 	 	 	 	 
108402	1520750	 	 	ovary	NS	NS	other	neoplasm	NS	20668451	338	 	 	Tumour Sample	 	 	 	 	 	 	 
108406	1520755	 	 	ovary	NS	NS	other	neoplasm	NS	20668451	338	 	 	Tumour Sample	 	 	 	 	 	 	 
108422	1520784	 	 	ovary	NS	NS	other	neoplasm	NS	20668451	338	 	 	Tumour Sample	 	 	 	 	 	 	 
108430	1520802	 	 	ovary	NS	NS	other	neoplasm	NS	20668451	338	 	 	Tumour Sample	 	 	 	 	 	 	 
108434	1520786	 	 	ovary	NS	NS	other	neoplasm	NS	20668451	338	 	 	Tumour Sample	 	 	 	 	 	 	 
108452	1520759	 	 	ovary	NS	NS	other	neoplasm	NS	20668451	338	 	 	Tumour Sample	 	 	 	 	 	 	 
108457	1520788	 	 	ovary	NS	NS	other	neoplasm	NS	20668451	338	 	 	Tumour Sample	 	 	 	 	 	 	 
108477	1520773	 	 	ovary	NS	NS	other	neoplasm	NS	20668451	338	 	 	Tumour Sample	 	 	 	 	 	 	 
108482	1520785	 	 	ovary	NS	NS	other	neoplasm	NS	20668451	338	 	 	Tumour Sample	 	 	 	 	 	 	 
108487	1520787	 	 	ovary	NS	NS	other	neoplasm	NS	20668451	338	 	 	Tumour Sample	 	 	 	 	 	 	 
108752	1520594	 	 	breast	NS	NS	carcinoma	basal_(triple-negative)_carcinoma	NS	20668451	338	 	 	Tumour Sample	 	 	 	 	 	 	 
109093	1520811	 	 	pancreas	NS	NS	carcinoma	NS	NS	20668451	338	 	 	Tumour Sample	 	 	 	 	 	 	 
109123	1520813	 	 	pancreas	NS	NS	carcinoma	NS	NS	20668451	338	 	 	Tumour Sample	 	 	 	 	 	 	 
110336	1520825	 	 	prostate	NS	NS	carcinoma	NS	NS	20668451	338	 	 	Tumour Sample	 	 	 	 	 	 	 
110350	1520826	 	 	prostate	NS	NS	carcinoma	NS	NS	20668451	338	 	 	Tumour Sample	 	 	 	 	 	 	 
110465	1520743	 	 	lung	NS	NS	carcinoma	undifferentiated_carcinoma	NS	20668451	338	 	 	Tumour Sample	 	 	 	 	 	 	 
111664	1520561	 	 	breast	NS	NS	carcinoma	basal_(triple-negative)_carcinoma	NS	20668451	338	 	 	Tumour Sample	 	 	 	 	 	 	 
111665	1520562	 	 	breast	NS	NS	carcinoma	basal_(triple-negative)_carcinoma	NS	20668451	338	 	 	Tumour Sample	 	 	 	 	 	 	 
111669	1520611	 	 	breast	NS	NS	carcinoma	basal_(triple-negative)_carcinoma	NS	20668451	338	 	 	Tumour Sample	 	 	 	 	 	 	 
111677	1520570	 	 	breast	NS	NS	carcinoma	basal_(triple-negative)_carcinoma	NS	20668451	338	 	 	Tumour Sample	 	 	 	 	 	 	 
111797	1520841	 	 	prostate	NS	NS	carcinoma	NS	NS	20668451	338	 	 	Tumour Sample	 	 	 	 	 	 	 
111827	1520870	 	 	prostate	NS	NS	carcinoma	NS	NS	20668451	338	 	 	Tumour Sample	 	 	 	 	 	 	 
111873	1520872	 	 	prostate	NS	NS	carcinoma	NS	NS	20668451	338	 	 	Tumour Sample	 	 	 	 	 	 	 
111878	1520821	 	 	prostate	NS	NS	carcinoma	NS	NS	20668451	338	 	 	Tumour Sample	 	 	 	 	 	 	 
111880	1520843	 	 	prostate	NS	NS	carcinoma	NS	NS	20668451	338	 	 	Tumour Sample	 	 	 	 	 	 	 
111991	1520871	 	 	prostate	NS	NS	carcinoma	NS	NS	20668451	338	 	 	Tumour Sample	 	 	 	 	 	 	 
111995	1520815	 	 	prostate	NS	NS	carcinoma	NS	NS	20668451	338	 	 	Tumour Sample	 	 	 	 	 	 	 
112032	1520819	 	 	prostate	NS	NS	carcinoma	NS	NS	20668451	338	 	 	Tumour Sample	 	 	 	 	 	 	 
112038	1520842	 	 	prostate	NS	NS	carcinoma	NS	NS	20668451	338	 	 	Tumour Sample	 	 	 	 	 	 	 
112040	1520840	 	 	prostate	NS	NS	carcinoma	NS	NS	20668451	338	 	 	Tumour Sample	 	 	 	 	 	 	 
112046	1520844	 	 	prostate	NS	NS	carcinoma	NS	NS	20668451	338	 	 	Tumour Sample	 	 	 	 	 	 	 
112140	1520678	 	 	lung	NS	NS	carcinoma	squamous_cell_carcinoma	NS	20668451	338	 	 	Tumour Sample	 	 	 	 	 	 	 
112146	1520730	 	 	lung	NS	NS	carcinoma	squamous_cell_carcinoma	NS	20668451	338	 	 	Tumour Sample	 	 	 	 	 	 	 
112158	1520686	 	 	lung	NS	NS	carcinoma	squamous_cell_carcinoma	NS	20668451	338	 	 	Tumour Sample	 	 	 	 	 	 	 
112182	1520688	 	 	lung	NS	NS	carcinoma	squamous_cell_carcinoma	NS	20668451	338	 	 	Tumour Sample	 	 	 	 	 	 	 
112190	1520634	 	 	lung	NS	NS	carcinoma	adenocarcinoma	NS	20668451	338	 	 	Tumour Sample	 	 	 	 	 	 	 
112229	1520706	 	 	lung	NS	NS	carcinoma	squamous_cell_carcinoma	NS	20668451	338	 	 	Tumour Sample	 	 	 	 	 	 	 
112241	1520721	 	 	lung	NS	NS	carcinoma	squamous_cell_carcinoma	NS	20668451	338	 	 	Tumour Sample	 	 	 	 	 	 	 
112263	1520701	 	 	lung	NS	NS	carcinoma	squamous_cell_carcinoma	NS	20668451	338	 	 	Tumour Sample	 	 	 	 	 	 	 
112269	1520733	 	 	lung	NS	NS	carcinoma	squamous_cell_carcinoma	NS	20668451	338	 	 	Tumour Sample	 	 	 	 	 	 	 
112275	1520737	 	 	lung	NS	NS	carcinoma	squamous_cell_carcinoma	NS	20668451	338	 	 	Tumour Sample	 	 	 	 	 	 	 
112281	1520704	 	 	lung	NS	NS	carcinoma	squamous_cell_carcinoma	NS	20668451	338	 	 	Tumour Sample	 	 	 	 	 	 	 
112287	1520705	 	 	lung	NS	NS	carcinoma	squamous_cell_carcinoma	NS	20668451	338	 	 	Tumour Sample	 	 	 	 	 	 	 
112295	1520727	 	 	lung	NS	NS	carcinoma	squamous_cell_carcinoma	NS	20668451	338	 	 	Tumour Sample	 	 	 	 	 	 	 
112305	1520718	 	 	lung	NS	NS	carcinoma	squamous_cell_carcinoma	NS	20668451	338	 	 	Tumour Sample	 	 	 	 	 	 	 
112313	1520741	 	 	lung	NS	NS	carcinoma	undifferentiated_carcinoma	NS	20668451	338	 	 	Tumour Sample	 	 	 	 	 	 	 
112319	1520683	 	 	lung	NS	NS	carcinoma	squamous_cell_carcinoma	NS	20668451	338	 	 	Tumour Sample	 	 	 	 	 	 	 
112377	1520682	 	 	lung	NS	NS	carcinoma	squamous_cell_carcinoma	NS	20668451	338	 	 	Tumour Sample	 	 	 	 	 	 	 
112415	1520703	 	 	lung	NS	NS	carcinoma	squamous_cell_carcinoma	NS	20668451	338	 	 	Tumour Sample	 	 	 	 	 	 	 
112461	1520684	 	 	lung	NS	NS	carcinoma	squamous_cell_carcinoma	NS	20668451	338	 	 	Tumour Sample	 	 	 	 	 	 	 
112467	1520728	 	 	lung	NS	NS	carcinoma	squamous_cell_carcinoma	NS	20668451	338	 	 	Tumour Sample	 	 	 	 	 	 	 
112473	1520689	 	 	lung	NS	NS	carcinoma	squamous_cell_carcinoma	NS	20668451	338	 	 	Tumour Sample	 	 	 	 	 	 	 
112479	1520731	 	 	lung	NS	NS	carcinoma	squamous_cell_carcinoma	NS	20668451	338	 	 	Tumour Sample	 	 	 	 	 	 	 
112497	1520722	 	 	lung	NS	NS	carcinoma	squamous_cell_carcinoma	NS	20668451	338	 	 	Tumour Sample	 	 	 	 	 	 	 
112503	1520680	 	 	lung	NS	NS	carcinoma	squamous_cell_carcinoma	NS	20668451	338	 	 	Tumour Sample	 	 	 	 	 	 	 
112509	1520625	 	 	lung	NS	NS	carcinoma	adenocarcinoma	NS	20668451	338	 	 	Tumour Sample	 	 	 	 	 	 	 
112521	1520707	 	 	lung	NS	NS	carcinoma	squamous_cell_carcinoma	NS	20668451	338	 	 	Tumour Sample	 	 	 	 	 	 	 
112527	1520626	 	 	lung	NS	NS	carcinoma	adenocarcinoma	NS	20668451	338	 	 	Tumour Sample	 	 	 	 	 	 	 
112533	1520719	 	 	lung	NS	NS	carcinoma	squamous_cell_carcinoma	NS	20668451	338	 	 	Tumour Sample	 	 	 	 	 	 	 
112539	1520716	 	 	lung	NS	NS	carcinoma	squamous_cell_carcinoma	NS	20668451	338	 	 	Tumour Sample	 	 	 	 	 	 	 
112557	1520715	 	 	lung	NS	NS	carcinoma	squamous_cell_carcinoma	NS	20668451	338	 	 	Tumour Sample	 	 	 	 	 	 	 
112565	1520717	 	 	lung	NS	NS	carcinoma	squamous_cell_carcinoma	NS	20668451	338	 	 	Tumour Sample	 	 	 	 	 	 	 
112571	1520720	 	 	lung	NS	NS	carcinoma	squamous_cell_carcinoma	NS	20668451	338	 	 	Tumour Sample	 	 	 	 	 	 	 
112589	1520695	 	 	lung	NS	NS	carcinoma	squamous_cell_carcinoma	NS	20668451	338	 	 	Tumour Sample	 	 	 	 	 	 	 
112595	1520702	 	 	lung	NS	NS	carcinoma	squamous_cell_carcinoma	NS	20668451	338	 	 	Tumour Sample	 	 	 	 	 	 	 
112613	1520723	 	 	lung	NS	NS	carcinoma	squamous_cell_carcinoma	NS	20668451	338	 	 	Tumour Sample	 	 	 	 	 	 	 
112628	1520780	 	 	ovary	NS	NS	other	neoplasm	NS	20668451	338	 	 	Tumour Sample	 	 	 	 	 	 	 
112634	1520792	 	 	ovary	NS	NS	other	neoplasm	NS	20668451	338	 	 	Tumour Sample	 	 	 	 	 	 	 
112638	1520754	 	 	ovary	NS	NS	other	neoplasm	NS	20668451	338	 	 	Tumour Sample	 	 	 	 	 	 	 
112644	1520757	 	 	ovary	NS	NS	other	neoplasm	NS	20668451	338	 	 	Tumour Sample	 	 	 	 	 	 	 
112656	1520793	 	 	ovary	NS	NS	other	neoplasm	NS	20668451	338	 	 	Tumour Sample	 	 	 	 	 	 	 
112664	1520781	 	 	ovary	NS	NS	other	neoplasm	NS	20668451	338	 	 	Tumour Sample	 	 	 	 	 	 	 
112670	1520753	 	 	ovary	NS	NS	other	neoplasm	NS	20668451	338	 	 	Tumour Sample	 	 	 	 	 	 	 
112676	1520782	 	 	ovary	NS	NS	other	neoplasm	NS	20668451	338	 	 	Tumour Sample	 	 	 	 	 	 	 
112707	1520735	 	 	lung	NS	NS	carcinoma	squamous_cell_carcinoma	NS	20668451	338	 	 	Tumour Sample	 	 	 	 	 	 	 
112719	1520709	 	 	lung	NS	NS	carcinoma	squamous_cell_carcinoma	NS	20668451	338	 	 	Tumour Sample	 	 	 	 	 	 	 
112731	1520687	 	 	lung	NS	NS	carcinoma	squamous_cell_carcinoma	NS	20668451	338	 	 	Tumour Sample	 	 	 	 	 	 	 
112761	1520783	 	 	ovary	NS	NS	other	neoplasm	NS	20668451	338	 	 	Tumour Sample	 	 	 	 	 	 	 
112779	1520845	 	 	prostate	NS	NS	carcinoma	NS	NS	20668451	338	 	 	Tumour Sample	 	 	 	 	 	 	 
112785	1520822	 	 	prostate	NS	NS	carcinoma	NS	NS	20668451	338	 	 	Tumour Sample	 	 	 	 	 	 	 
112791	1520846	 	 	prostate	NS	NS	carcinoma	NS	NS	20668451	338	 	 	Tumour Sample	 	 	 	 	 	 	 
112827	1520847	 	 	prostate	NS	NS	carcinoma	NS	NS	20668451	338	 	 	Tumour Sample	 	 	 	 	 	 	 
112839	1520848	 	 	prostate	NS	NS	carcinoma	NS	NS	20668451	338	 	 	Tumour Sample	 	 	 	 	 	 	 
112851	1520849	 	 	prostate	NS	NS	carcinoma	NS	NS	20668451	338	 	 	Tumour Sample	 	 	 	 	 	 	 
112857	1520827	 	 	prostate	NS	NS	carcinoma	NS	NS	20668451	338	 	 	Tumour Sample	 	 	 	 	 	 	 
112869	1520818	 	 	prostate	NS	NS	carcinoma	NS	NS	20668451	338	 	 	Tumour Sample	 	 	 	 	 	 	 
112875	1520850	 	 	prostate	NS	NS	carcinoma	NS	NS	20668451	338	 	 	Tumour Sample	 	 	 	 	 	 	 
112881	1520851	 	 	prostate	NS	NS	carcinoma	NS	NS	20668451	338	 	 	Tumour Sample	 	 	 	 	 	 	 
112887	1520828	 	 	prostate	NS	NS	carcinoma	NS	NS	20668451	338	 	 	Tumour Sample	 	 	 	 	 	 	 
112893	1520852	 	 	prostate	NS	NS	carcinoma	NS	NS	20668451	338	 	 	Tumour Sample	 	 	 	 	 	 	 
112899	1520829	 	 	prostate	NS	NS	carcinoma	NS	NS	20668451	338	 	 	Tumour Sample	 	 	 	 	 	 	 
112905	1520853	 	 	prostate	NS	NS	carcinoma	NS	NS	20668451	338	 	 	Tumour Sample	 	 	 	 	 	 	 
112917	1520854	 	 	prostate	NS	NS	carcinoma	NS	NS	20668451	338	 	 	Tumour Sample	 	 	 	 	 	 	 
112923	1520830	 	 	prostate	NS	NS	carcinoma	NS	NS	20668451	338	 	 	Tumour Sample	 	 	 	 	 	 	 
112929	1520823	 	 	prostate	NS	NS	carcinoma	NS	NS	20668451	338	 	 	Tumour Sample	 	 	 	 	 	 	 
112935	1520855	 	 	prostate	NS	NS	carcinoma	NS	NS	20668451	338	 	 	Tumour Sample	 	 	 	 	 	 	 
112941	1520856	 	 	prostate	NS	NS	carcinoma	NS	NS	20668451	338	 	 	Tumour Sample	 	 	 	 	 	 	 
112989	1520837	 	 	prostate	NS	NS	carcinoma	NS	NS	20668451	338	 	 	Tumour Sample	 	 	 	 	 	 	 
112997	1520865	 	 	prostate	NS	NS	carcinoma	NS	NS	20668451	338	 	 	Tumour Sample	 	 	 	 	 	 	 
113001	1520866	 	 	prostate	NS	NS	carcinoma	NS	NS	20668451	338	 	 	Tumour Sample	 	 	 	 	 	 	 
113005	1520838	 	 	prostate	NS	NS	carcinoma	NS	NS	20668451	338	 	 	Tumour Sample	 	 	 	 	 	 	 
113009	1520867	 	 	prostate	NS	NS	carcinoma	NS	NS	20668451	338	 	 	Tumour Sample	 	 	 	 	 	 	 
113013	1520839	 	 	prostate	NS	NS	carcinoma	NS	NS	20668451	338	 	 	Tumour Sample	 	 	 	 	 	 	 
113017	1520824	 	 	prostate	NS	NS	carcinoma	NS	NS	20668451	338	 	 	Tumour Sample	 	 	 	 	 	 	 
113021	1520868	 	 	prostate	NS	NS	carcinoma	NS	NS	20668451	338	 	 	Tumour Sample	 	 	 	 	 	 	 
113025	1520869	 	 	prostate	NS	NS	carcinoma	NS	NS	20668451	338	 	 	Tumour Sample	 	 	 	 	 	 	 
113037	1520835	 	 	prostate	NS	NS	carcinoma	NS	NS	20668451	338	 	 	Tumour Sample	 	 	 	 	 	 	 
113045	1520861	 	 	prostate	NS	NS	carcinoma	NS	NS	20668451	338	 	 	Tumour Sample	 	 	 	 	 	 	 
113049	1520862	 	 	prostate	NS	NS	carcinoma	NS	NS	20668451	338	 	 	Tumour Sample	 	 	 	 	 	 	 
113057	1520836	 	 	prostate	NS	NS	carcinoma	NS	NS	20668451	338	 	 	Tumour Sample	 	 	 	 	 	 	 
113061	1520863	 	 	prostate	NS	NS	carcinoma	NS	NS	20668451	338	 	 	Tumour Sample	 	 	 	 	 	 	 
113065	1520864	 	 	prostate	NS	NS	carcinoma	NS	NS	20668451	338	 	 	Tumour Sample	 	 	 	 	 	 	 
113069	1520857	 	 	prostate	NS	NS	carcinoma	NS	NS	20668451	338	 	 	Tumour Sample	 	 	 	 	 	 	 
113077	1520858	 	 	prostate	NS	NS	carcinoma	NS	NS	20668451	338	 	 	Tumour Sample	 	 	 	 	 	 	 
113081	1520831	 	 	prostate	NS	NS	carcinoma	NS	NS	20668451	338	 	 	Tumour Sample	 	 	 	 	 	 	 
113085	1520859	 	 	prostate	NS	NS	carcinoma	NS	NS	20668451	338	 	 	Tumour Sample	 	 	 	 	 	 	 
113089	1520832	 	 	prostate	NS	NS	carcinoma	NS	NS	20668451	338	 	 	Tumour Sample	 	 	 	 	 	 	 
113093	1520833	 	 	prostate	NS	NS	carcinoma	NS	NS	20668451	338	 	 	Tumour Sample	 	 	 	 	 	 	 
113097	1520834	 	 	prostate	NS	NS	carcinoma	NS	NS	20668451	338	 	 	Tumour Sample	 	 	 	 	 	 	 
113101	1520860	 	 	prostate	NS	NS	carcinoma	NS	NS	20668451	338	 	 	Tumour Sample	 	 	 	 	 	 	 
113105	1520817	 	 	prostate	NS	NS	carcinoma	NS	NS	20668451	338	 	 	Tumour Sample	 	 	 	 	 	 	 
113274	1520798	 	 	ovary	NS	NS	other	neoplasm	NS	20668451	338	 	 	Tumour Sample	 	 	 	 	 	 	 
113282	1520803	 	 	ovary	NS	NS	other	neoplasm	NS	20668451	338	 	 	Tumour Sample	 	 	 	 	 	 	 
113286	1520799	 	 	ovary	NS	NS	other	neoplasm	NS	20668451	338	 	 	Tumour Sample	 	 	 	 	 	 	 
113294	1520772	 	 	ovary	NS	NS	other	neoplasm	NS	20668451	338	 	 	Tumour Sample	 	 	 	 	 	 	 
113298	1520758	 	 	ovary	NS	NS	other	neoplasm	NS	20668451	338	 	 	Tumour Sample	 	 	 	 	 	 	 
113306	1520800	 	 	ovary	NS	NS	other	neoplasm	NS	20668451	338	 	 	Tumour Sample	 	 	 	 	 	 	 
113310	1520801	 	 	ovary	NS	NS	other	neoplasm	NS	20668451	338	 	 	Tumour Sample	 	 	 	 	 	 	 
113314	1520806	 	 	ovary	NS	NS	other	neoplasm	NS	20668451	338	 	 	Tumour Sample	 	 	 	 	 	 	 
113364	1520672	 	 	lung	NS	NS	carcinoma	small_cell_carcinoma	NS	20668451	338	 	 	Tumour Sample	 	 	 	 	 	 	 
113368	1520673	 	 	lung	NS	NS	carcinoma	small_cell_carcinoma	NS	20668451	338	 	 	Tumour Sample	 	 	 	 	 	 	 
113371	1520810	 	 	pancreas	NS	NS	carcinoma	NS	NS	20668451	338	 	 	Tumour Sample	 	 	 	 	 	 	 
113373	1520814	 	 	pancreas	NS	NS	carcinoma	NS	NS	20668451	338	 	 	Tumour Sample	 	 	 	 	 	 	 
113377	1520808	 	 	pancreas	NS	NS	carcinoma	NS	NS	20668451	338	 	 	Tumour Sample	 	 	 	 	 	 	 
113716	1520820	 	 	prostate	NS	NS	carcinoma	NS	NS	20668451	338	 	 	Tumour Sample	 	 	 	 	 	 	 
113720	1520816	 	 	prostate	NS	NS	carcinoma	NS	NS	20668451	338	 	 	Tumour Sample	 	 	 	 	 	 	 
113777	1520812	 	 	pancreas	NS	NS	carcinoma	NS	NS	20668451	338	 	 	Tumour Sample	 	 	 	 	 	 	 
113784	1520809	 	 	pancreas	NS	NS	carcinoma	NS	NS	20668451	338	 	 	Tumour Sample	 	 	 	 	 	 	 
113792	1520766	 	 	ovary	NS	NS	other	neoplasm	NS	20668451	338	 	 	Tumour Sample	 	 	 	 	 	 	 
113795	1520774	 	 	ovary	NS	NS	other	neoplasm	NS	20668451	338	 	 	Tumour Sample	 	 	 	 	 	 	 
113797	1520789	 	 	ovary	NS	NS	other	neoplasm	NS	20668451	338	 	 	Tumour Sample	 	 	 	 	 	 	 
113801	1520760	 	 	ovary	NS	NS	other	neoplasm	NS	20668451	338	 	 	Tumour Sample	 	 	 	 	 	 	 
113803	1520767	 	 	ovary	NS	NS	other	neoplasm	NS	20668451	338	 	 	Tumour Sample	 	 	 	 	 	 	 
113805	1520761	 	 	ovary	NS	NS	other	neoplasm	NS	20668451	338	 	 	Tumour Sample	 	 	 	 	 	 	 
113807	1520790	 	 	ovary	NS	NS	other	neoplasm	NS	20668451	338	 	 	Tumour Sample	 	 	 	 	 	 	 
113809	1520762	 	 	ovary	NS	NS	other	neoplasm	NS	20668451	338	 	 	Tumour Sample	 	 	 	 	 	 	 
86319	1520620	 	 	lung	NS	NS	carcinoma	adenocarcinoma	NS	20668451	338	 	 	Tumour Sample	 	 	 	 	 	 	 
86321	1520748	 	 	lung	NS	NS	carcinoma	undifferentiated_carcinoma	NS	20668451	338	 	 	Tumour Sample	 	 	 	 	 	 	 
86323	1520658	 	 	lung	NS	NS	carcinoma	adenocarcinoma	NS	20668451	338	 	 	Tumour Sample	 	 	 	 	 	 	 
86324	1520666	 	 	lung	NS	NS	carcinoma	adenocarcinoma	NS	20668451	338	 	 	Tumour Sample	 	 	 	 	 	 	 
86326	1520635	 	 	lung	NS	NS	carcinoma	adenocarcinoma	NS	20668451	338	 	 	Tumour Sample	 	 	 	 	 	 	 
86501	1520618	 	 	lung	NS	NS	carcinoma	adenocarcinoma	NS	20668451	338	 	 	Tumour Sample	 	 	 	 	 	 	 
86502	1520651	 	 	lung	NS	NS	carcinoma	adenocarcinoma	NS	20668451	338	 	 	Tumour Sample	 	 	 	 	 	 	 
86503	1520647	 	 	lung	NS	NS	carcinoma	adenocarcinoma	NS	20668451	338	 	 	Tumour Sample	 	 	 	 	 	 	 
86504	1520624	 	 	lung	NS	NS	carcinoma	adenocarcinoma	NS	20668451	338	 	 	Tumour Sample	 	 	 	 	 	 	 
86505	1520665	 	 	lung	NS	NS	carcinoma	adenocarcinoma	NS	20668451	338	 	 	Tumour Sample	 	 	 	 	 	 	 
86506	1520622	 	 	lung	NS	NS	carcinoma	adenocarcinoma	NS	20668451	338	 	 	Tumour Sample	 	 	 	 	 	 	 
86507	1520615	 	 	lung	NS	NS	carcinoma	adenocarcinoma	NS	20668451	338	 	 	Tumour Sample	 	 	 	 	 	 	 
86563	1520694	 	 	lung	NS	NS	carcinoma	squamous_cell_carcinoma	NS	20668451	338	 	 	Tumour Sample	 	 	 	 	 	 	 
86564	1520630	 	 	lung	NS	NS	carcinoma	adenocarcinoma	NS	20668451	338	 	 	Tumour Sample	 	 	 	 	 	 	 
86565	1520668	 	 	lung	NS	NS	carcinoma	adenocarcinoma	NS	20668451	338	 	 	Tumour Sample	 	 	 	 	 	 	 
86566	1520669	 	 	lung	NS	NS	carcinoma	adenocarcinoma	NS	20668451	338	 	 	Tumour Sample	 	 	 	 	 	 	 
86567	1520637	 	 	lung	NS	NS	carcinoma	adenocarcinoma	NS	20668451	338	 	 	Tumour Sample	 	 	 	 	 	 	 
86568	1520654	 	 	lung	NS	NS	carcinoma	adenocarcinoma	NS	20668451	338	 	 	Tumour Sample	 	 	 	 	 	 	 
86569	1520657	 	 	lung	NS	NS	carcinoma	adenocarcinoma	NS	20668451	338	 	 	Tumour Sample	 	 	 	 	 	 	 
86570	1520619	 	 	lung	NS	NS	carcinoma	adenocarcinoma	NS	20668451	338	 	 	Tumour Sample	 	 	 	 	 	 	 
86571	1520627	 	 	lung	NS	NS	carcinoma	adenocarcinoma	NS	20668451	338	 	 	Tumour Sample	 	 	 	 	 	 	 
86575	1520656	 	 	lung	NS	NS	carcinoma	adenocarcinoma	NS	20668451	338	 	 	Tumour Sample	 	 	 	 	 	 	 
86576	1520616	 	 	lung	NS	NS	carcinoma	adenocarcinoma	NS	20668451	338	 	 	Tumour Sample	 	 	 	 	 	 	 
86583	1520645	 	 	lung	NS	NS	carcinoma	adenocarcinoma	NS	20668451	338	 	 	Tumour Sample	 	 	 	 	 	 	 
86587	1520648	 	 	lung	NS	NS	carcinoma	adenocarcinoma	NS	20668451	338	 	 	Tumour Sample	 	 	 	 	 	 	 
86748	1520628	 	 	lung	NS	NS	carcinoma	adenocarcinoma	NS	20668451	338	 	 	Tumour Sample	 	 	 	 	 	 	 
86770	1520642	 	 	lung	NS	NS	carcinoma	adenocarcinoma	NS	20668451	338	 	 	Tumour Sample	 	 	 	 	 	 	 
86775	1520671	 	 	lung	NS	NS	carcinoma	adenocarcinoma	NS	20668451	338	 	 	Tumour Sample	 	 	 	 	 	 	 
86778	1520653	 	 	lung	NS	NS	carcinoma	adenocarcinoma	NS	20668451	338	 	 	Tumour Sample	 	 	 	 	 	 	 
86782	1520644	 	 	lung	NS	NS	carcinoma	adenocarcinoma	NS	20668451	338	 	 	Tumour Sample	 	 	 	 	 	 	 
86784	1520696	 	 	lung	NS	NS	carcinoma	squamous_cell_carcinoma	NS	20668451	338	 	 	Tumour Sample	 	 	 	 	 	 	 
86785	1520698	 	 	lung	NS	NS	carcinoma	squamous_cell_carcinoma	NS	20668451	338	 	 	Tumour Sample	 	 	 	 	 	 	 
86788	1520629	 	 	lung	NS	NS	carcinoma	adenocarcinoma	NS	20668451	338	 	 	Tumour Sample	 	 	 	 	 	 	 
86790	1520746	 	 	lung	NS	NS	carcinoma	undifferentiated_carcinoma	NS	20668451	338	 	 	Tumour Sample	 	 	 	 	 	 	 
86791	1520643	 	 	lung	NS	NS	carcinoma	adenocarcinoma	NS	20668451	338	 	 	Tumour Sample	 	 	 	 	 	 	 
86793	1520677	 	 	lung	NS	NS	carcinoma	squamous_cell_carcinoma	NS	20668451	338	 	 	Tumour Sample	 	 	 	 	 	 	 
86794	1520697	 	 	lung	NS	NS	carcinoma	squamous_cell_carcinoma	NS	20668451	338	 	 	Tumour Sample	 	 	 	 	 	 	 
86797	1520638	 	 	lung	NS	NS	carcinoma	adenocarcinoma	NS	20668451	338	 	 	Tumour Sample	 	 	 	 	 	 	 
86801	1520662	 	 	lung	NS	NS	carcinoma	adenocarcinoma	NS	20668451	338	 	 	Tumour Sample	 	 	 	 	 	 	 
86802	1520713	 	 	lung	NS	NS	carcinoma	squamous_cell_carcinoma	NS	20668451	338	 	 	Tumour Sample	 	 	 	 	 	 	 
87969	1520690	 	 	lung	NS	NS	carcinoma	squamous_cell_carcinoma	NS	20668451	338	 	 	Tumour Sample	 	 	 	 	 	 	 
87971	1520708	 	 	lung	NS	NS	carcinoma	squamous_cell_carcinoma	NS	20668451	338	 	 	Tumour Sample	 	 	 	 	 	 	 
88018	1520778	 	 	ovary	NS	NS	other	neoplasm	NS	20668451	338	 	 	Tumour Sample	 	 	 	 	 	 	 
88177	1520740	 	 	lung	NS	NS	carcinoma	undifferentiated_carcinoma	NS	20668451	338	 	 	Tumour Sample	 	 	 	 	 	 	 
89061	1520504	 	 	breast	NS	NS	carcinoma	ER-PR-positive_carcinoma	NS	20668451	338	 	 	Tumour Sample	 	 	 	 	 	 	 
89097	1520499	 	 	breast	NS	NS	carcinoma	ER-PR-positive_carcinoma	NS	20668451	338	 	 	Tumour Sample	 	 	 	 	 	 	 
89106	1520494	 	 	breast	NS	NS	carcinoma	ER-PR-positive_carcinoma	NS	20668451	338	 	 	Tumour Sample	 	 	 	 	 	 	 
92119	1520791	 	 	ovary	NS	NS	other	neoplasm	NS	20668451	338	 	 	Tumour Sample	 	 	 	 	 	 	 
92121	1520756	 	 	ovary	NS	NS	other	neoplasm	NS	20668451	338	 	 	Tumour Sample	 	 	 	 	 	 	 
92124	1520804	 	 	ovary	NS	NS	other	neoplasm	NS	20668451	338	 	 	Tumour Sample	 	 	 	 	 	 	 
94699	1520641	 	 	lung	NS	NS	carcinoma	adenocarcinoma	NS	20668451	338	 	 	Tumour Sample	 	 	 	 	 	 	 
97980	1520747	 	 	lung	NS	NS	carcinoma	undifferentiated_carcinoma	NS	20668451	338	 	 	Tumour Sample	 	 	 	 	 	 	 
98019	1520664	 	 	lung	NS	NS	carcinoma	adenocarcinoma	NS	20668451	338	 	 	Tumour Sample	 	 	 	 	 	 	 
98377	1520448	 	 	breast	NS	NS	carcinoma	HER-positive_carcinoma	NS	20668451	338	 	 	Tumour Sample	 	 	 	 	 	 	 
98580	1520751	 	 	ovary	NS	NS	other	neoplasm	NS	20668451	338	 	 	Tumour Sample	 	 	 	 	 	 	 
98592	1520805	 	 	ovary	NS	NS	other	neoplasm	NS	20668451	338	 	 	Tumour Sample	 	 	 	 	 	 	 
98711	1520675	 	 	lung	NS	NS	carcinoma	small_cell_carcinoma	NS	20668451	338	 	 	Tumour Sample	 	 	 	 	 	 	 
98717	1520745	 	 	lung	NS	NS	carcinoma	undifferentiated_carcinoma	NS	20668451	338	 	 	Tumour Sample	 	 	 	 	 	 	 
98735	1520676	 	 	lung	NS	NS	carcinoma	small_cell_carcinoma	NS	20668451	338	 	 	Tumour Sample	 	 	 	 	 	 	 
98741	1520674	 	 	lung	NS	NS	carcinoma	small_cell_carcinoma	NS	20668451	338	 	 	Tumour Sample	 	 	 	 	 	 	 
99042	1520775	 	 	ovary	NS	NS	other	neoplasm	NS	20668451	338	 	 	Tumour Sample	 	 	 	 	 	 	 
99060	1520776	 	 	ovary	NS	NS	other	neoplasm	NS	20668451	338	 	 	Tumour Sample	 	 	 	 	 	 	 
99155	1520595	 	 	breast	NS	NS	carcinoma	basal_(triple-negative)_carcinoma	NS	20668451	338	 	 	Tumour Sample	 	 	 	 	 	 	 
99164	1520454	 	 	breast	NS	NS	carcinoma	HER-positive_carcinoma	NS	20668451	338	 	 	Tumour Sample	 	 	 	 	 	 	 
99176	1520511	 	 	breast	NS	NS	carcinoma	ER-PR-positive_carcinoma	NS	20668451	338	 	 	Tumour Sample	 	 	 	 	 	 	 
99179	1520546	 	 	breast	NS	NS	carcinoma	ER-PR-positive_carcinoma	NS	20668451	338	 	 	Tumour Sample	 	 	 	 	 	 	 
99287	1520739	 	 	lung	NS	NS	carcinoma	squamous_cell_carcinoma	NS	20668451	338	 	 	Tumour Sample	 	 	 	 	 	 	 
99447	1520593	 	 	breast	NS	NS	carcinoma	basal_(triple-negative)_carcinoma	NS	20668451	338	 	 	Tumour Sample	 	 	 	 	 	 	 
99459	1520565	 	 	breast	NS	NS	carcinoma	basal_(triple-negative)_carcinoma	NS	20668451	338	 	 	Tumour Sample	 	 	 	 	 	 	 
99464	1520455	 	 	breast	NS	NS	carcinoma	HER-positive_carcinoma	NS	20668451	338	 	 	Tumour Sample	 	 	 	 	 	 	 
99480	1520466	 	 	breast	NS	NS	carcinoma	HER-positive_carcinoma	NS	20668451	338	 	 	Tumour Sample	 	 	 	 	 	 	 
99487	1520476	 	 	breast	NS	NS	carcinoma	HER-positive_carcinoma	NS	20668451	338	 	 	Tumour Sample	 	 	 	 	 	 	 
99773	1520475	 	 	breast	NS	NS	carcinoma	HER-positive_carcinoma	NS	20668451	338	 	 	Tumour Sample	 	 	 	 	 	 	 
BB30-HNC	753531	 	 	upper_aerodigestive_tract	head_neck	NS	carcinoma	squamous_cell_carcinoma	NS	 	30,34	 	 	Cultured Sample	 	 	 	 	 	 	 
BB49-HNC	753532	 	 	upper_aerodigestive_tract	head_neck	NS	carcinoma	squamous_cell_carcinoma	NS	 	30,34	 	 	Cultured Sample	 	 	 	 	 	 	 
BB65-RCC	753533	 	 	kidney	NS	NS	carcinoma	renal_cell_carcinoma	NS	 	30,34	 	 	Cultured Sample	 	 	 	 	 	 	 
Br02X	1312964	 	 	central_nervous_system	brain	NS	glioma	astrocytoma_Grade_IV	glioblastoma_multiforme	18772396	 	 	 	Cultured Sample	 	 	 	 	 	 	 
Br03X	1312965	 	 	central_nervous_system	brain	NS	glioma	astrocytoma_Grade_IV	glioblastoma_multiforme	18772396	 	 	 	Cultured Sample	 	 	 	 	 	 	 
Br04X	1312966	 	 	central_nervous_system	brain	NS	glioma	astrocytoma_Grade_IV	glioblastoma_multiforme	18772396	 	 	 	Cultured Sample	 	 	 	 	 	 	 
Br05X	1312967	 	 	central_nervous_system	brain	NS	glioma	astrocytoma_Grade_IV	glioblastoma_multiforme	18772396	 	 	 	Cultured Sample	 	 	 	 	 	 	 
Br06X	1312968	 	 	central_nervous_system	brain	NS	glioma	astrocytoma_Grade_IV	glioblastoma_multiforme	18772396	 	 	 	Cultured Sample	 	 	 	 	 	 	 
Br07X	1312969	 	 	central_nervous_system	brain	NS	glioma	astrocytoma_Grade_IV	glioblastoma_multiforme	18772396	 	 	 	Cultured Sample	 	 	 	 	 	 	 
Br08X	1312970	 	 	central_nervous_system	brain	NS	glioma	NS	NS	18772396	 	 	 	Cultured Sample	 	 	 	 	 	 	 
Br09P	1312971	 	 	central_nervous_system	brain	NS	glioma	astrocytoma_Grade_IV	glioblastoma_multiforme	18772396	 	 	 	Tumour Sample	 	 	 	 	 	 	 
Br10P	1312972	 	 	central_nervous_system	brain	NS	glioma	astrocytoma_Grade_IV	glioblastoma_multiforme	18772396	 	 	 	Tumour Sample	 	 	 	 	 	 	 
Br11P	1312973	 	 	central_nervous_system	brain	NS	glioma	astrocytoma_Grade_IV	glioblastoma_multiforme	18772396	 	 	 	Tumour Sample	 	 	 	 	 	 	 
Br12P	1312974	 	 	central_nervous_system	brain	NS	glioma	astrocytoma_Grade_IV	glioblastoma_multiforme	18772396	 	 	 	Tumour Sample	 	 	 	 	 	 	 
Br13X	1312975	 	 	central_nervous_system	brain	NS	glioma	astrocytoma_Grade_IV	glioblastoma_multiforme	18772396	 	 	 	Cultured Sample	 	 	 	 	 	 	 
Br14X	1312976	 	 	central_nervous_system	brain	NS	glioma	astrocytoma_Grade_IV	glioblastoma_multiforme	18772396	 	 	 	Cultured Sample	 	 	 	 	 	 	 
Br15X	1312977	 	 	central_nervous_system	brain	NS	glioma	astrocytoma_Grade_IV	glioblastoma_multiforme	18772396	 	 	 	Cultured Sample	 	 	 	 	 	 	 
Br16X	1312978	 	 	central_nervous_system	brain	NS	glioma	astrocytoma_Grade_IV	glioblastoma_multiforme	18772396	 	 	 	Cultured Sample	 	 	 	 	 	 	 
Br17X	1312979	 	 	central_nervous_system	brain	NS	glioma	astrocytoma_Grade_IV	glioblastoma_multiforme	18772396	 	 	 	Cultured Sample	 	 	 	 	 	 	 
Br20P	1312980	 	 	central_nervous_system	brain	NS	glioma	astrocytoma_Grade_IV	glioblastoma_multiforme	18772396	 	 	 	Tumour Sample	 	 	 	 	 	 	 
Br23X	1312981	 	 	central_nervous_system	brain	NS	glioma	astrocytoma_Grade_IV	glioblastoma_multiforme	18772396	 	 	 	Cultured Sample	 	 	 	 	 	 	 
Br25X	1312982	 	 	central_nervous_system	brain	NS	glioma	astrocytoma_Grade_IV	glioblastoma_multiforme	18772396	 	 	 	Cultured Sample	 	 	 	 	 	 	 
Br26X	1312983	 	 	central_nervous_system	brain	NS	glioma	astrocytoma_Grade_IV	glioblastoma_multiforme	18772396	 	 	 	Cultured Sample	 	 	 	 	 	 	 
Br27P	1312984	 	 	central_nervous_system	brain	NS	glioma	astrocytoma_Grade_IV	glioblastoma_multiforme	18772396	 	 	 	Tumour Sample	 	 	 	 	 	 	 
Br29P	1312985	 	 	central_nervous_system	brain	NS	glioma	NS	NS	18772396	 	 	 	Tumour Sample	 	 	 	 	 	 	 
COLO-829	687448	 	 	skin	NS	NS	malignant_melanoma	NS	NS	 	30,34	 	 	Cultured Sample	 	 	 	 	 	 	 
CP50-MEL-B	753545	 	 	skin	NS	NS	malignant_melanoma	NS	NS	 	30,34	 	 	Cultured Sample	 	 	 	 	 	 	 
CP66-MEL	753546	 	 	skin	NS	NS	malignant_melanoma	NS	NS	 	30,34	 	 	Cultured Sample	 	 	 	 	 	 	 
Co108	1430352	 	 	large_intestine	colon	right	carcinoma	adenocarcinoma	NS	17932254	 	 	 	Cultured Sample	 	 	 	 	 	 	 
Co74	1430353	 	 	large_intestine	colon	sigmoid	carcinoma	adenocarcinoma	NS	17932254	 	 	 	Cultured Sample	 	 	 	 	 	 	 
Co92	1430354	 	 	large_intestine	colon	right	carcinoma	adenocarcinoma	NS	17932254	 	 	 	Cultured Sample	 	 	 	 	 	 	 
D-542MG	753549	 	 	central_nervous_system	brain	NS	glioma	NS	NS	16618716,16618716	7,34	 	 	Cultured Sample	 	 	 	 	 	 	 
HA7-RCC	753558	 	 	kidney	NS	NS	carcinoma	renal_cell_carcinoma	NS	 	30,34	 	 	Cultured Sample	 	 	 	 	 	 	 
HCC1008	1430344	 	 	breast	NS	NS	carcinoma	ductal_carcinoma	NS	17932254	 	 	 	Cultured Sample	 	 	 	 	 	 	 
HCC1143	749710	 	 	breast	NS	NS	carcinoma	ductal_carcinoma	NS	15908952,15908952	21,34	 	 	Cultured Sample	 	 	 	 	 	 	 
HCC1143	1430347	 	 	breast	NS	NS	carcinoma	ductal_carcinoma	NS	17932254	 	 	 	Cultured Sample	 	 	 	 	 	 	 
HCC1187	749711	 	 	breast	NS	NS	carcinoma	ductal_carcinoma	NS	15908952,15908952	21,34	 	 	Cultured Sample	 	 	 	 	 	 	 
HCC1187	1430348	 	 	breast	NS	NS	carcinoma	ductal_carcinoma	NS	17932254	 	 	 	Cultured Sample	 	 	 	 	 	 	 
HCC1395	749712	 	 	breast	NS	NS	carcinoma	ductal_carcinoma	NS	15908952,15908952	21,34	 	 	Cultured Sample	 	 	 	 	 	 	 
HCC1395	1430349	 	 	breast	NS	NS	carcinoma	ductal_carcinoma	NS	17932254	 	 	 	Cultured Sample	 	 	 	 	 	 	 
HCC1599	749713	 	 	breast	NS	NS	carcinoma	ductal_carcinoma	NS	15908952,15908952	21,34	 	 	Cultured Sample	 	 	 	 	 	 	 
HCC1599	1430350	 	 	breast	NS	NS	carcinoma	ductal_carcinoma	NS	17932254	 	 	 	Cultured Sample	 	 	 	 	 	 	 
HCC1937	749714	 	 	breast	NS	NS	carcinoma	ductal_carcinoma	NS	15908952,15908952	21,34	 	 	Cultured Sample	 	 	 	 	 	 	 
HCC1937	1430351	 	 	breast	NS	NS	carcinoma	ductal_carcinoma	NS	17932254	 	 	 	Cultured Sample	 	 	 	 	 	 	 
HCC1954	749709	 	 	breast	NS	NS	carcinoma	ductal_carcinoma	NS	15908952,15908952	21,34	 	 	Cultured Sample	 	 	 	 	 	 	 
HCC1954	1430345	 	 	breast	NS	NS	carcinoma	ductal_carcinoma	NS	17932254	 	 	 	Cultured Sample	 	 	 	 	 	 	 
HCC2157	749715	 	 	breast	NS	NS	carcinoma	ductal_carcinoma	NS	15908952,15908952	21,34	 	 	Cultured Sample	 	 	 	 	 	 	 
HCC2157	1430341	 	 	breast	NS	NS	carcinoma	ductal_carcinoma	NS	17932254	 	 	 	Cultured Sample	 	 	 	 	 	 	 
HCC2218	749716	 	 	breast	NS	NS	carcinoma	ductal_carcinoma	NS	15908952,15908952	21,34	 	 	Cultured Sample	 	 	 	 	 	 	 
HCC2218	1430342	 	 	breast	NS	NS	carcinoma	ductal_carcinoma	NS	17932254	 	 	 	Cultured Sample	 	 	 	 	 	 	 
HCC38	749717	 	 	breast	NS	NS	carcinoma	ductal_carcinoma	NS	15908952,15908952	21,34	 	 	Cultured Sample	 	 	 	 	 	 	 
HCC38	1430346	 	 	breast	NS	NS	carcinoma	ductal_carcinoma	NS	17932254	 	 	 	Cultured Sample	 	 	 	 	 	 	 
Hs578T	1430343	 	 	breast	NS	NS	carcinoma	ductal_carcinoma	NS	17932254	 	 	 	Cultured Sample	 	 	 	 	 	 	 
J82	753566	 	 	urinary_tract	bladder	NS	carcinoma	NS	NS	 	30,34	 	 	Cultured Sample	 	 	 	 	 	 	 
LB1047-RCC	753577	 	 	kidney	NS	NS	carcinoma	renal_cell_carcinoma	NS	 	30,34	 	 	Cultured Sample	 	 	 	 	 	 	 
LB2241-RCC	753578	 	 	kidney	NS	NS	carcinoma	renal_cell_carcinoma	NS	 	30,34	 	 	Cultured Sample	 	 	 	 	 	 	 
LB2518-MEL	753579	 	 	skin	NS	NS	malignant_melanoma	NS	NS	 	30,34	 	 	Cultured Sample	 	 	 	 	 	 	 
LB373-MEL-D	753581	 	 	skin	NS	NS	malignant_melanoma	NS	NS	 	30,34	 	 	Cultured Sample	 	 	 	 	 	 	 
LB647-SCLC	753582	 	 	lung	NS	NS	carcinoma	NS	NS	 	30,34	 	 	Cultured Sample	 	 	 	 	 	 	 
LB771-HNC	753583	 	 	upper_aerodigestive_tract	head_neck	NS	carcinoma	squamous_cell_carcinoma	NS	 	30,34	 	 	Cultured Sample	 	 	 	 	 	 	 
LB831-BLC	753584	 	 	urinary_tract	bladder	NS	carcinoma	NS	NS	 	30,34	 	 	Cultured Sample	 	 	 	 	 	 	 
LB996-RCC	753585	 	 	kidney	NS	NS	carcinoma	renal_cell_carcinoma	NS	 	30,34	 	 	Cultured Sample	 	 	 	 	 	 	 
LS-1034	917486	 	 	large_intestine	NS	NS	carcinoma	adenocarcinoma	NS	 	28,34	 	 	Cultured Sample	 	 	 	 	 	 	 
MB101X	1512935	 	 	central_nervous_system	medulla	NS	primitive_neuroectodermal_tumour-medulloblastoma	classic	NS	21163964	334	 	 	Cultured Sample	 	 	 	 	 	 	 
MB104X	1512936	 	 	central_nervous_system	medulla	NS	primitive_neuroectodermal_tumour-medulloblastoma	classic	NS	21163964	334	 	 	Cultured Sample	 	 	 	 	 	 	 
MB105X	1512937	 	 	central_nervous_system	medulla	NS	primitive_neuroectodermal_tumour-medulloblastoma	classic	NS	21163964	334	 	 	Cultured Sample	 	 	 	 	 	 	 
MB106X	1512938	 	 	central_nervous_system	medulla	NS	primitive_neuroectodermal_tumour-medulloblastoma	classic	NS	21163964	334	 	 	Cultured Sample	 	 	 	 	 	 	 
MB108C	1512939	 	 	central_nervous_system	medulla	NS	primitive_neuroectodermal_tumour-medulloblastoma	NS	NS	21163964	334	 	 	Cultured Sample	 	 	 	 	 	 	 
MB109PT	1512940	 	 	central_nervous_system	medulla	NS	primitive_neuroectodermal_tumour-medulloblastoma	classic	NS	21163964	334	 	 	Tumour Sample	 	 	 	 	 	 	 
MB111PT	1512941	 	 	central_nervous_system	medulla	NS	primitive_neuroectodermal_tumour-medulloblastoma	classic	NS	21163964	334	 	 	Tumour Sample	 	 	 	 	 	 	 
MB113PT	1512942	 	 	central_nervous_system	medulla	NS	primitive_neuroectodermal_tumour-medulloblastoma	classic	NS	21163964	334	 	 	Tumour Sample	 	 	 	 	 	 	 
MB115PT	1512943	 	 	central_nervous_system	medulla	NS	primitive_neuroectodermal_tumour-medulloblastoma	classic	NS	21163964	334	 	 	Tumour Sample	 	 	 	 	 	 	 
MB117PT	1512944	 	 	central_nervous_system	medulla	NS	primitive_neuroectodermal_tumour-medulloblastoma	desmoplastic	NS	21163964	334	 	 	Tumour Sample	 	 	 	 	 	 	 
MB118PT	1512945	 	 	central_nervous_system	medulla	NS	primitive_neuroectodermal_tumour-medulloblastoma	classic	NS	21163964	334	 	 	Tumour Sample	 	 	 	 	 	 	 
MB119PT	1512946	 	 	central_nervous_system	medulla	NS	primitive_neuroectodermal_tumour-medulloblastoma	large_cell	NS	21163964	334	 	 	Tumour Sample	 	 	 	 	 	 	 
MB120PT	1512947	 	 	central_nervous_system	medulla	NS	primitive_neuroectodermal_tumour-medulloblastoma	classic	NS	21163964	334	 	 	Tumour Sample	 	 	 	 	 	 	 
MB121PT	1512948	 	 	central_nervous_system	medulla	NS	primitive_neuroectodermal_tumour-medulloblastoma	classic	NS	21163964	334	 	 	Tumour Sample	 	 	 	 	 	 	 
MB122PT	1512949	 	 	central_nervous_system	medulla	NS	primitive_neuroectodermal_tumour-medulloblastoma	large_cell	NS	21163964	334	 	 	Tumour Sample	 	 	 	 	 	 	 
MB123PT	1512950	 	 	central_nervous_system	medulla	NS	primitive_neuroectodermal_tumour-medulloblastoma	classic	NS	21163964	334	 	 	Tumour Sample	 	 	 	 	 	 	 
MB124PT	1512951	 	 	central_nervous_system	medulla	NS	primitive_neuroectodermal_tumour-medulloblastoma	large_cell	NS	21163964	334	 	 	Tumour Sample	 	 	 	 	 	 	 
MB125PT	1512952	 	 	central_nervous_system	medulla	NS	primitive_neuroectodermal_tumour-medulloblastoma	classic	NS	21163964	334	 	 	Tumour Sample	 	 	 	 	 	 	 
MB126PT	1512953	 	 	central_nervous_system	medulla	NS	primitive_neuroectodermal_tumour-medulloblastoma	large_cell	NS	21163964	334	 	 	Tumour Sample	 	 	 	 	 	 	 
MB128PT	1512954	 	 	central_nervous_system	medulla	NS	primitive_neuroectodermal_tumour-medulloblastoma	classic	NS	21163964	334	 	 	Tumour Sample	 	 	 	 	 	 	 
MB129PT	1512955	 	 	central_nervous_system	medulla	NS	primitive_neuroectodermal_tumour-medulloblastoma	NS	NS	21163964	334	 	 	Tumour Sample	 	 	 	 	 	 	 
MB130PT	1512956	 	 	central_nervous_system	medulla	NS	primitive_neuroectodermal_tumour-medulloblastoma	NS	NS	21163964	334	 	 	Tumour Sample	 	 	 	 	 	 	 
MZ1-PC	753595	 	 	pancreas	NS	NS	carcinoma	ductal_carcinoma	NS	 	30,34	 	 	Cultured Sample	 	 	 	 	 	 	 
MZ7-mel	753596	 	 	skin	NS	NS	malignant_melanoma	NS	NS	 	30,34	 	 	Cultured Sample	 	 	 	 	 	 	 
Mx22	1430355	 	 	large_intestine	NS	NS	carcinoma	adenocarcinoma	NS	17932254	 	 	 	Cultured Sample	 	 	 	 	 	 	 
Mx27	1430356	 	 	large_intestine	colon	right	carcinoma	adenocarcinoma	NS	17932254	 	 	 	Cultured Sample	 	 	 	 	 	 	 
Mx30	1430357	 	 	large_intestine	colon	sigmoid	carcinoma	adenocarcinoma	NS	17932254	 	 	 	Cultured Sample	 	 	 	 	 	 	 
Mx32	1430358	 	 	large_intestine	colon	right	carcinoma	adenocarcinoma	NS	17932254	 	 	 	Cultured Sample	 	 	 	 	 	 	 
Mx38	1430359	 	 	large_intestine	rectum	NS	carcinoma	adenocarcinoma	NS	17932254	 	 	 	Cultured Sample	 	 	 	 	 	 	 
Mx41	1430360	 	 	large_intestine	colon	right	carcinoma	adenocarcinoma	NS	17932254	 	 	 	Cultured Sample	 	 	 	 	 	 	 
Mx42	1430361	 	 	large_intestine	colon	left	carcinoma	adenocarcinoma	NS	17932254	 	 	 	Cultured Sample	 	 	 	 	 	 	 
Mx43	1430362	 	 	large_intestine	colon	sigmoid	carcinoma	adenocarcinoma	NS	17932254	 	 	 	Cultured Sample	 	 	 	 	 	 	 
NCI-H128	753597	 	 	lung	NS	NS	carcinoma	small_cell_carcinoma	NS	 	30,34	 	 	Cultured Sample	 	 	 	 	 	 	 
NCI-H1395	684681	 	 	lung	NS	NS	carcinoma	non_small_cell_carcinoma	NS	16140923,16140923	22,34	 	 	Cultured Sample	 	 	 	 	 	 	 
NCI-H1437	687794	 	 	lung	NS	NS	carcinoma	non_small_cell_carcinoma	NS	16140923,16140923	22,34	 	 	Cultured Sample	 	 	 	 	 	 	 
NCI-H1770	687804	 	 	lung	NS	NS	carcinoma	non_small_cell_carcinoma	NS	16140923,16140923	22,34	 	 	Cultured Sample	 	 	 	 	 	 	 
NCI-H2009	724873	 	 	lung	NS	NS	carcinoma	non_small_cell_carcinoma	NS	16140923,16140923	22,34	 	 	Cultured Sample	 	 	 	 	 	 	 
NCI-H2052	688058	 	 	pleura	NS	NS	mesothelioma	NS	NS	 	30,34	 	 	Cultured Sample	 	 	 	 	 	 	 
NCI-H2087	724834	 	 	lung	NS	NS	carcinoma	non_small_cell_carcinoma	NS	16140923,16140923	22,34	 	 	Cultured Sample	 	 	 	 	 	 	 
NCI-H209	688013	 	 	lung	NS	NS	carcinoma	small_cell_carcinoma	NS	 	30,34	 	 	Cultured Sample	 	 	 	 	 	 	 
NCI-H2122	722046	 	 	lung	NS	NS	carcinoma	adenocarcinoma	NS	16140923,16140923	22,34	 	 	Cultured Sample	 	 	 	 	 	 	 
NCI-H2126	687814	 	 	lung	NS	NS	carcinoma	non_small_cell_carcinoma	NS	16140923,16140923	22,34	 	 	Cultured Sample	 	 	 	 	 	 	 
NCI-H2171	688015	 	 	lung	NS	NS	carcinoma	small_cell_carcinoma	NS	 	30,34	 	 	Cultured Sample	 	 	 	 	 	 	 
PD0004a	753143	 	 	breast	NS	NS	carcinoma	ductal_carcinoma	NS	15908952,15908952	21,34	 	 	Tumour Sample	 	 	 	 	 	 	 
PD0005a	753144	 	 	breast	NS	NS	carcinoma	ductal_carcinoma	NS	15908952,15908952	21,34	 	 	Tumour Sample	 	 	 	 	 	 	 
PD0006a	753145	 	 	breast	NS	NS	carcinoma	ductal_carcinoma	NS	15908952,15908952	21,34	 	 	Tumour Sample	 	 	 	 	 	 	 
PD0007a	753146	 	 	breast	NS	NS	carcinoma	ductal_carcinoma	NS	15908952,15908952	21,34	 	 	Tumour Sample	 	 	 	 	 	 	 
PD0008a	753075	 	 	breast	NS	NS	carcinoma	ductal_carcinoma	NS	15908952,15908952	21,34	 	 	Tumour Sample	 	 	 	 	 	 	 
PD0010a	753147	 	 	breast	NS	NS	carcinoma	ductal_carcinoma	NS	15908952,15908952	21,34	 	 	Tumour Sample	 	 	 	 	 	 	 
PD0011a	753148	 	 	breast	NS	NS	carcinoma	ductal_carcinoma	NS	15908952,15908952	21,34	 	 	Tumour Sample	 	 	 	 	 	 	 
PD0012a	753149	 	 	breast	NS	NS	carcinoma	ductal_carcinoma	NS	15908952,15908952	21,34	 	 	Tumour Sample	 	 	 	 	 	 	 
PD0013a	753150	 	 	breast	NS	NS	carcinoma	ductal_carcinoma	NS	15908952,15908952	21,34	 	 	Tumour Sample	 	 	 	 	 	 	 
PD0014a	753151	 	 	breast	NS	NS	carcinoma	ductal_carcinoma	NS	15908952,15908952	21,34	 	 	Tumour Sample	 	 	 	 	 	 	 
PD0017a	753152	 	 	breast	NS	NS	carcinoma	ductal_carcinoma	NS	15908952,15908952	21,34	 	 	Tumour Sample	 	 	 	 	 	 	 
PD0022a	753153	 	 	breast	NS	NS	carcinoma	ductal_carcinoma	NS	15908952,15908952	21,34	 	 	Tumour Sample	 	 	 	 	 	 	 
PD0023a	753154	 	 	breast	NS	NS	carcinoma	ductal_carcinoma	NS	15908952,15908952	21,34	 	 	Tumour Sample	 	 	 	 	 	 	 
PD0025a	749718	 	 	breast	NS	NS	carcinoma	ductal_carcinoma	NS	15908952,15908952	21,34	 	 	Tumour Sample	 	 	 	 	 	 	 
PD0027a	753155	 	 	breast	NS	NS	carcinoma	ductal_carcinoma	NS	15908952,15908952	21,34	 	 	Tumour Sample	 	 	 	 	 	 	 
PD0029a	753156	 	 	breast	NS	NS	carcinoma	ductal_carcinoma	NS	15908952,15908952	21,34	 	 	Tumour Sample	 	 	 	 	 	 	 
PD0030a	753157	 	 	breast	NS	NS	carcinoma	ductal_carcinoma	NS	15908952,15908952	21,34	 	 	Tumour Sample	 	 	 	 	 	 	 
PD0032a	753158	 	 	breast	NS	NS	carcinoma	ductal_carcinoma	NS	15908952,15908952	21,34	 	 	Tumour Sample	 	 	 	 	 	 	 
PD0033a	753159	 	 	breast	NS	NS	carcinoma	ductal_carcinoma	NS	15908952,15908952	21,34	 	 	Tumour Sample	 	 	 	 	 	 	 
PD0034a	753160	 	 	breast	NS	NS	carcinoma	ductal_carcinoma	NS	15908952,15908952	21,34	 	 	Tumour Sample	 	 	 	 	 	 	 
PD0036a	753161	 	 	breast	NS	NS	carcinoma	ductal_carcinoma	NS	15908952,15908952	21,34	 	 	Tumour Sample	 	 	 	 	 	 	 
PD0041a	753162	 	 	breast	NS	NS	carcinoma	ductal_carcinoma	mucinous	15908952,15908952	21,34	 	 	Tumour Sample	 	 	 	 	 	 	 
PD0044a	753163	 	 	breast	NS	NS	carcinoma	ductal_carcinoma	NS	15908952,15908952	21,34	 	 	Tumour Sample	 	 	 	 	 	 	 
PD0047a	753164	 	 	breast	NS	NS	carcinoma	ductal_carcinoma	NS	15908952,15908952	21,34	 	 	Tumour Sample	 	 	 	 	 	 	 
PD0048a	753165	 	 	breast	NS	NS	carcinoma	ductal_carcinoma	NS	15908952,15908952	21,34	 	 	Tumour Sample	 	 	 	 	 	 	 
PD0051a	753166	 	 	breast	NS	NS	carcinoma	ductal_carcinoma	NS	15908952,15908952	21,34	 	 	Tumour Sample	 	 	 	 	 	 	 
PD0057a	753167	 	 	breast	NS	NS	carcinoma	ductal_carcinoma	NS	15908952,15908952	21,34	 	 	Tumour Sample	 	 	 	 	 	 	 
PD0058a	753168	 	 	breast	NS	NS	carcinoma	ductal_carcinoma	NS	15908952,15908952	21,34	 	 	Tumour Sample	 	 	 	 	 	 	 
PD0062a	749719	 	 	breast	NS	NS	carcinoma	ductal_carcinoma	NS	15908952,15908952	21,34	 	 	Tumour Sample	 	 	 	 	 	 	 
PD0074a	753169	 	 	breast	NS	NS	carcinoma	ductal_carcinoma	NS	15908952,15908952	21,34	 	 	Tumour Sample	 	 	 	 	 	 	 
PD0077a	753170	 	 	breast	NS	NS	carcinoma	ductal_carcinoma	NS	15908952,15908952	21,34	 	 	Tumour Sample	 	 	 	 	 	 	 
PD0080a	753171	 	 	breast	NS	NS	carcinoma	ductal_carcinoma	NS	15908952,15908952	21,34	 	 	Tumour Sample	 	 	 	 	 	 	 
PD0081a	753172	 	 	breast	NS	NS	carcinoma	ductal_carcinoma	NS	15908952,15908952	21,34	 	 	Tumour Sample	 	 	 	 	 	 	 
PD0082a	753173	 	 	breast	NS	NS	carcinoma	lobular_carcinoma	NS	15908952,15908952	21,34	 	 	Tumour Sample	 	 	 	 	 	 	 
PD0085a	753174	 	 	breast	NS	NS	carcinoma	ductal_carcinoma	NS	15908952,15908952	21,34	 	 	Tumour Sample	 	 	 	 	 	 	 
PD0091a	749720	 	 	breast	NS	NS	carcinoma	ductal_carcinoma	NS	15908952,15908952	21,34	 	 	Tumour Sample	 	 	 	 	 	 	 
PD0093a	753175	 	 	breast	NS	NS	carcinoma	ductal_carcinoma	NS	15908952,15908952	21,34	 	 	Tumour Sample	 	 	 	 	 	 	 
PD0094a	753176	 	 	breast	NS	NS	carcinoma	ductal_carcinoma	NS	15908952,15908952	21,34	 	 	Tumour Sample	 	 	 	 	 	 	 
PD0110a	753177	 	 	breast	NS	NS	carcinoma	ductal_carcinoma	NS	15908952,15908952	21,34	 	 	Tumour Sample	 	 	 	 	 	 	 
PD0114a	753178	 	 	breast	NS	NS	carcinoma	ductal_carcinoma	NS	15908952,15908952	21,34	 	 	Tumour Sample	 	 	 	 	 	 	 
PD0118a	749721	 	 	breast	NS	NS	carcinoma	ductal_carcinoma	NS	15908952,15908952	21,34	 	 	Tumour Sample	 	 	 	 	 	 	 
PD0119a	749722	p.D297H	c.889G>C	breast	NS	NS	carcinoma	lobular_carcinoma	NS	15908952,15908952	21,34	621	Confirmed	Tumour Sample	Heterozygous	 	 	 	 	 	 
PD0125a	753179	 	 	breast	NS	NS	carcinoma_in_situ	ductal_carcinoma_in_situ	NS	15908952,15908952	21,34	 	 	Tumour Sample	 	 	 	 	 	 	 
PD0126a	753180	 	 	breast	NS	NS	carcinoma	ductal_carcinoma	NS	15908952,15908952	21,34	 	 	Tumour Sample	 	 	 	 	 	 	 
PD0127a	749723	 	 	breast	NS	NS	carcinoma	ductal_carcinoma	NS	15908952,15908952	21,34	 	 	Tumour Sample	 	 	 	 	 	 	 
PD0128a	749724	 	 	breast	NS	NS	carcinoma	ductal_carcinoma	NS	15908952,15908952	21,34	 	 	Tumour Sample	 	 	 	 	 	 	 
PD0129a	753181	 	 	breast	NS	NS	carcinoma	ductal_carcinoma	NS	15908952,15908952	21,34	 	 	Tumour Sample	 	 	 	 	 	 	 
PD0130a	753182	 	 	breast	NS	NS	carcinoma	ductal_carcinoma	mucinous	15908952,15908952	21,34	 	 	Tumour Sample	 	 	 	 	 	 	 
PD0134a	753183	 	 	breast	NS	NS	carcinoma	ductal_carcinoma	NS	15908952,15908952	21,34	 	 	Tumour Sample	 	 	 	 	 	 	 
PD0155a	753184	 	 	breast	NS	NS	carcinoma	ductal_carcinoma	NS	15908952,15908952	21,34	 	 	Tumour Sample	 	 	 	 	 	 	 
PD0157a	753185	 	 	breast	NS	NS	carcinoma	ductal_carcinoma	NS	15908952,15908952	21,34	 	 	Tumour Sample	 	 	 	 	 	 	 
PD0159a	753186	 	 	breast	NS	NS	carcinoma	ductal_carcinoma	NS	15908952,15908952	21,34	 	 	Tumour Sample	 	 	 	 	 	 	 
PD0160a	753187	 	 	breast	NS	NS	carcinoma	ductal_carcinoma	NS	15908952,15908952	21,34	 	 	Tumour Sample	 	 	 	 	 	 	 
PD0161a	753188	 	 	breast	NS	NS	carcinoma	ductal_carcinoma	NS	15908952,15908952	21,34	 	 	Tumour Sample	 	 	 	 	 	 	 
PD0162a	753189	 	 	breast	NS	NS	carcinoma	ductal_carcinoma	mucinous	15908952,15908952	21,34	 	 	Tumour Sample	 	 	 	 	 	 	 
PD0164a	753190	 	 	breast	NS	NS	carcinoma	ductal_carcinoma	NS	15908952,15908952	21,34	 	 	Tumour Sample	 	 	 	 	 	 	 
PD0248a	753266	 	 	lung	NS	NS	carcinoma	squamous_cell_carcinoma	NS	16140923,16140923	22,34	 	 	Tumour Sample	 	 	 	 	 	 	 
PD0250a	753268	 	 	lung	NS	NS	carcinoid-endocrine_tumour	atypical	NS	16140923,16140923	22,34	 	 	Tumour Sample	 	 	 	 	 	 	 
PD0251a	753269	 	 	lung	NS	NS	carcinoma	squamous_cell_carcinoma	NS	16140923,16140923	22,34	 	 	Tumour Sample	 	 	 	 	 	 	 
PD0252a	753270	 	 	lung	NS	NS	carcinoma	bronchioloalveolar_adenocarcinoma	NS	16140923,16140923	22,34	 	 	Tumour Sample	 	 	 	 	 	 	 
PD0253a	753271	 	 	lung	NS	NS	carcinoma	adenocarcinoma	NS	16140923,16140923	22,34	 	 	Tumour Sample	 	 	 	 	 	 	 
PD0263a	753280	 	 	lung	NS	NS	carcinoma	large_cell_carcinoma	NS	16140923,16140923	22,34	 	 	Tumour Sample	 	 	 	 	 	 	 
PD0269a	753286	 	 	lung	NS	NS	carcinoma	squamous_cell_carcinoma	NS	16140923,16140923	22,34	 	 	Tumour Sample	 	 	 	 	 	 	 
PD0276a	753291	 	 	lung	NS	NS	carcinoma	large_cell_carcinoma	NS	16140923,16140923	22,34	 	 	Tumour Sample	 	 	 	 	 	 	 
PD0876a	753340	 	 	ovary	NS	NS	carcinoma	serous_carcinoma	NS	 	32,34	 	 	Tumour Sample	 	 	 	 	 	 	 
PD0877a	753341	 	 	ovary	NS	NS	carcinoma	serous_carcinoma	NS	 	32,34	 	 	Tumour Sample	 	 	 	 	 	 	 
PD0878a	753342	 	 	ovary	NS	NS	carcinoma	serous_carcinoma	NS	 	32,34	 	 	Tumour Sample	 	 	 	 	 	 	 
PD0879a	753343	 	 	ovary	NS	NS	carcinoma	serous_carcinoma	NS	 	32,34	 	 	Tumour Sample	 	 	 	 	 	 	 
PD0880a	753344	 	 	ovary	NS	NS	carcinoma	mucinous_carcinoma	NS	 	32,34	 	 	Tumour Sample	 	 	 	 	 	 	 
PD0881a	753345	 	 	ovary	NS	NS	carcinoma	serous_carcinoma	NS	 	32,34	 	 	Tumour Sample	 	 	 	 	 	 	 
PD0882a	753346	 	 	ovary	NS	NS	carcinoma	serous_carcinoma	NS	 	32,34	 	 	Tumour Sample	 	 	 	 	 	 	 
PD0883a	753083	 	 	ovary	NS	NS	carcinoma	endometrioid_carcinoma	NS	 	32,34	 	 	Tumour Sample	 	 	 	 	 	 	 
PD0884a	753347	 	 	ovary	NS	NS	carcinoma	serous_carcinoma	NS	 	32,34	 	 	Tumour Sample	 	 	 	 	 	 	 
PD0885a	753348	 	 	ovary	NS	NS	carcinoma	serous_carcinoma	NS	 	32,34	 	 	Tumour Sample	 	 	 	 	 	 	 
PD0886a	753349	 	 	ovary	NS	NS	carcinoma	serous_carcinoma	NS	 	32,34	 	 	Tumour Sample	 	 	 	 	 	 	 
PD0887a	753350	 	 	ovary	NS	NS	carcinoma	serous_carcinoma	NS	 	32,34	 	 	Tumour Sample	 	 	 	 	 	 	 
PD0888a	749760	 	 	ovary	NS	NS	carcinoma	serous_carcinoma	NS	 	32,34	 	 	Tumour Sample	 	 	 	 	 	 	 
PD0889a	753351	 	 	ovary	NS	NS	carcinoma	serous_carcinoma	NS	 	32,34	 	 	Tumour Sample	 	 	 	 	 	 	 
PD0890a	753352	 	 	ovary	NS	NS	carcinoma	serous_carcinoma	NS	 	32,34	 	 	Tumour Sample	 	 	 	 	 	 	 
PD0891a	753353	 	 	ovary	NS	NS	carcinoma	NS	NS	 	32,34	 	 	Tumour Sample	 	 	 	 	 	 	 
PD0892a	753354	 	 	ovary	NS	NS	carcinoma	serous_carcinoma	NS	 	32,34	 	 	Tumour Sample	 	 	 	 	 	 	 
PD0894a	753084	 	 	ovary	NS	NS	carcinoma	clear_cell_carcinoma	NS	 	32,34	 	 	Tumour Sample	 	 	 	 	 	 	 
PD0895a	753355	 	 	ovary	NS	NS	carcinoma	serous_carcinoma	NS	 	32,34	 	 	Tumour Sample	 	 	 	 	 	 	 
PD0896a	753356	 	 	ovary	NS	NS	carcinoma	serous_carcinoma	NS	 	32,34	 	 	Tumour Sample	 	 	 	 	 	 	 
PD0898a	753357	 	 	ovary	NS	NS	carcinoma	serous_carcinoma	NS	 	32,34	 	 	Tumour Sample	 	 	 	 	 	 	 
PD0899a	753086	 	 	ovary	NS	NS	carcinoma	clear_cell_carcinoma	NS	 	32,34	 	 	Tumour Sample	 	 	 	 	 	 	 
PD0900a	753087	 	 	ovary	NS	NS	carcinoma	endometrioid_carcinoma	NS	 	32,34	 	 	Tumour Sample	 	 	 	 	 	 	 
PD0901a	753358	 	 	ovary	NS	NS	carcinoma	serous_carcinoma	NS	 	32,34	 	 	Tumour Sample	 	 	 	 	 	 	 
PD0902a	753359	 	 	ovary	NS	NS	carcinoma	serous_carcinoma	NS	 	32,34	 	 	Tumour Sample	 	 	 	 	 	 	 
PD0903a	753360	 	 	ovary	NS	NS	carcinoma	serous_carcinoma	NS	 	32,34	 	 	Tumour Sample	 	 	 	 	 	 	 
PD1232a	749726	 	 	breast	NS	NS	carcinoma	ductal_carcinoma	mucinous	15908952,15908952	21,34	 	 	Tumour Sample	 	 	 	 	 	 	 
PD1233a	749727	 	 	breast	NS	NS	carcinoma	ductal_carcinoma	NS	15908952,15908952	21,34	 	 	Tumour Sample	 	 	 	 	 	 	 
PD1234a	749728	 	 	breast	NS	NS	carcinoma	ductal_carcinoma	NS	15908952,15908952	21,34	 	 	Tumour Sample	 	 	 	 	 	 	 
PD1235a	749729	 	 	breast	NS	NS	carcinoma	ductal_carcinoma	NS	15908952,15908952	21,34	 	 	Tumour Sample	 	 	 	 	 	 	 
PD1236a	749730	 	 	breast	NS	NS	carcinoma	ductal_carcinoma	NS	15908952,15908952	21,34	 	 	Tumour Sample	 	 	 	 	 	 	 
PD1237a	749731	 	 	breast	NS	NS	carcinoma	ductal_carcinoma	NS	15908952,15908952	21,34	 	 	Tumour Sample	 	 	 	 	 	 	 
PD1238a	749732	 	 	breast	NS	NS	carcinoma	ductal_carcinoma	NS	15908952,15908952	21,34	 	 	Tumour Sample	 	 	 	 	 	 	 
PD1239a	749733	 	 	breast	NS	NS	carcinoma	ductal_carcinoma	NS	15908952,15908952	21,34	 	 	Tumour Sample	 	 	 	 	 	 	 
PD1240a	749734	 	 	lung	NS	NS	carcinoma	squamous_cell_carcinoma	NS	16140923,16140923	22,34	 	 	Tumour Sample	 	 	 	 	 	 	 
PD1241a	749735	 	 	breast	NS	NS	carcinoma	ductal_carcinoma	NS	15908952,15908952	21,34	 	 	Tumour Sample	 	 	 	 	 	 	 
PD1243a	753361	 	 	breast	NS	NS	carcinoma	ductal_carcinoma	NS	15908952,15908952	21,34	 	 	Tumour Sample	 	 	 	 	 	 	 
PD1244a	753362	 	 	breast	NS	NS	carcinoma	ductal_carcinoma	NS	15908952,15908952	21,34	 	 	Tumour Sample	 	 	 	 	 	 	 
PD1245a	753363	 	 	breast	NS	NS	carcinoma	ductal_carcinoma	NS	15908952,15908952	21,34	 	 	Tumour Sample	 	 	 	 	 	 	 
PD1246a	753364	 	 	breast	NS	NS	carcinoma	ductal_carcinoma	NS	15908952,15908952	21,34	 	 	Tumour Sample	 	 	 	 	 	 	 
PD1251a	753365	 	 	breast	NS	NS	carcinoma	ductal_carcinoma	NS	15908952,15908952	21,34	 	 	Tumour Sample	 	 	 	 	 	 	 
PD1253a	753366	 	 	breast	NS	NS	carcinoma_in_situ	ductal_carcinoma_in_situ	NS	15908952,15908952	21,34	 	 	Tumour Sample	 	 	 	 	 	 	 
PD1254a	753367	 	 	breast	NS	NS	carcinoma	ductal_carcinoma	NS	15908952,15908952	21,34	 	 	Tumour Sample	 	 	 	 	 	 	 
PD1339a	753368	 	 	lung	NS	NS	carcinoma	adenocarcinoma	NS	16140923,16140923	22,34	 	 	Tumour Sample	 	 	 	 	 	 	 
PD1345a	753374	 	 	lung	NS	NS	carcinoma	adenocarcinoma	NS	16140923,16140923	22,34	 	 	Tumour Sample	 	 	 	 	 	 	 
PD1351a	753380	 	 	lung	NS	NS	carcinoma	adenocarcinoma	NS	16140923,16140923	22,34	 	 	Tumour Sample	 	 	 	 	 	 	 
PD1352a	753381	 	 	lung	NS	NS	carcinoma	adenocarcinoma	NS	16140923,16140923	22,34	 	 	Tumour Sample	 	 	 	 	 	 	 
PD1353a	749753	 	 	lung	NS	NS	carcinoma	adenocarcinoma	NS	16140923,16140923	22,34	 	 	NS	 	 	 	 	 	 	 
PD1354a	753382	 	 	lung	NS	NS	carcinoid-endocrine_tumour	NS	NS	16140923,16140923	22,34	 	 	Tumour Sample	 	 	 	 	 	 	 
PD1355a	753383	 	 	lung	NS	NS	carcinoid-endocrine_tumour	NS	NS	16140923,16140923	22,34	 	 	Tumour Sample	 	 	 	 	 	 	 
PD1356a	753384	 	 	lung	NS	NS	carcinoid-endocrine_tumour	NS	NS	16140923,16140923	22,34	 	 	Tumour Sample	 	 	 	 	 	 	 
PD1359a	753387	 	 	lung	NS	NS	carcinoid-endocrine_tumour	NS	NS	16140923,16140923	22,34	 	 	Tumour Sample	 	 	 	 	 	 	 
PD1360a	753388	 	 	lung	NS	NS	carcinoid-endocrine_tumour	NS	NS	16140923,16140923	22,34	 	 	Tumour Sample	 	 	 	 	 	 	 
PD1362a	753390	 	 	lung	NS	NS	carcinoma	large_cell_carcinoma	NS	16140923,16140923	22,34	 	 	Tumour Sample	 	 	 	 	 	 	 
PD1364a	753392	 	 	lung	NS	NS	carcinoma	large_cell_carcinoma	NS	16140923,16140923	22,34	 	 	Tumour Sample	 	 	 	 	 	 	 
PD1365a	753393	 	 	lung	NS	NS	carcinoma	large_cell_carcinoma	NS	16140923,16140923	22,34	 	 	Tumour Sample	 	 	 	 	 	 	 
PD1367a	753395	 	 	lung	NS	NS	carcinoma	large_cell_carcinoma	NS	16140923,16140923	22,34	 	 	Tumour Sample	 	 	 	 	 	 	 
PD1370a	753398	 	 	lung	NS	NS	carcinoma	squamous_cell_carcinoma	NS	16140923,16140923	22,34	 	 	Tumour Sample	 	 	 	 	 	 	 
PD1373a	753401	 	 	lung	NS	NS	carcinoma	squamous_cell_carcinoma	NS	16140923,16140923	22,34	 	 	Tumour Sample	 	 	 	 	 	 	 
PD1379a	753407	 	 	lung	NS	NS	carcinoma	squamous_cell_carcinoma	NS	16140923,16140923	22,34	 	 	Tumour Sample	 	 	 	 	 	 	 
PD1381a	753409	 	 	testis	NS	NS	germ_cell_tumour	germinoma	NS	16175573,16175573	23,34	 	 	Tumour Sample	 	 	 	 	 	 	 
PD1382a	753410	 	 	testis	NS	NS	germ_cell_tumour	germinoma	NS	16175573,16175573	23,34	 	 	Tumour Sample	 	 	 	 	 	 	 
PD1383a	753411	 	 	testis	NS	NS	germ_cell_tumour	germinoma	NS	16175573,16175573	23,34	 	 	Tumour Sample	 	 	 	 	 	 	 
PD1384a	753412	 	 	testis	NS	NS	germ_cell_tumour	germinoma	NS	16175573,16175573	23,34	 	 	Tumour Sample	 	 	 	 	 	 	 
PD1385a	753413	 	 	testis	NS	NS	germ_cell_tumour	germinoma	NS	16175573,16175573	23,34	 	 	Tumour Sample	 	 	 	 	 	 	 
PD1386a	753414	 	 	testis	NS	NS	germ_cell_tumour	germinoma	NS	16175573,16175573	23,34	 	 	Tumour Sample	 	 	 	 	 	 	 
PD1388a	753416	 	 	testis	NS	NS	germ_cell_tumour	germinoma	NS	16175573,16175573	23,34	 	 	Tumour Sample	 	 	 	 	 	 	 
PD1389a	753088	 	 	testis	NS	NS	germ_cell_tumour	non_seminoma	NS	16175573,16175573	23,34	 	 	Tumour Sample	 	 	 	 	 	 	 
PD1391a	753089	 	 	testis	NS	NS	germ_cell_tumour	non_seminoma	NS	16175573,16175573	23,34	 	 	Tumour Sample	 	 	 	 	 	 	 
PD1392a	753090	 	 	testis	NS	NS	germ_cell_tumour	non_seminoma	NS	16175573,16175573	23,34	 	 	Tumour Sample	 	 	 	 	 	 	 
PD1394a	753092	 	 	testis	NS	NS	germ_cell_tumour	non_seminoma	NS	16175573,16175573	23,34	 	 	Tumour Sample	 	 	 	 	 	 	 
PD1395a	753093	 	 	testis	NS	NS	germ_cell_tumour	non_seminoma	NS	16175573,16175573	23,34	 	 	Tumour Sample	 	 	 	 	 	 	 
PD1396a	753094	 	 	testis	NS	NS	germ_cell_tumour	non_seminoma	NS	16175573,16175573	23,34	 	 	Tumour Sample	 	 	 	 	 	 	 
PD1397a	898139	 	 	stomach	NS	NS	carcinoma	adenocarcinoma	NS	 	8,34	 	 	Tumour Sample	 	 	 	 	 	 	 
PD1398a	898141	 	 	stomach	NS	NS	carcinoma	adenocarcinoma	NS	 	8,34	 	 	Tumour Sample	 	 	 	 	 	 	 
PD1399a	898143	 	 	stomach	NS	NS	carcinoma	adenocarcinoma	NS	 	8,34	 	 	Tumour Sample	 	 	 	 	 	 	 
PD1400a	898149	 	 	stomach	NS	NS	carcinoma	adenocarcinoma	NS	 	8,34	 	 	Tumour Sample	 	 	 	 	 	 	 
PD1401a	898151	 	 	stomach	NS	NS	carcinoma	adenocarcinoma	NS	 	8,34	 	 	Tumour Sample	 	 	 	 	 	 	 
PD1402a	898153	 	 	stomach	NS	NS	carcinoma	adenocarcinoma	NS	 	8,34	 	 	Tumour Sample	 	 	 	 	 	 	 
PD1403a	898155	 	 	stomach	NS	NS	carcinoma	adenocarcinoma	NS	 	8,34	 	 	Tumour Sample	 	 	 	 	 	 	 
PD1404a	898157	 	 	stomach	NS	NS	carcinoma	adenocarcinoma	NS	 	8,34	 	 	Tumour Sample	 	 	 	 	 	 	 
PD1405a	898159	 	 	stomach	NS	NS	carcinoma	adenocarcinoma	NS	 	8,34	 	 	Tumour Sample	 	 	 	 	 	 	 
PD1406a	898161	 	 	stomach	NS	NS	carcinoma	adenocarcinoma	NS	 	8,34	 	 	Tumour Sample	 	 	 	 	 	 	 
PD1474a	898163	 	 	stomach	NS	NS	carcinoma	adenocarcinoma	NS	 	8,34	 	 	Tumour Sample	 	 	 	 	 	 	 
PD1475a	898165	 	 	stomach	NS	NS	carcinoma	adenocarcinoma	NS	 	8,34	 	 	Tumour Sample	 	 	 	 	 	 	 
PD1476a	898167	 	 	stomach	NS	NS	carcinoma	adenocarcinoma	NS	 	8,34	 	 	Tumour Sample	 	 	 	 	 	 	 
PD1477a	898169	 	 	stomach	NS	NS	carcinoma	adenocarcinoma	NS	 	8,34	 	 	Tumour Sample	 	 	 	 	 	 	 
PD1478a	898171	 	 	stomach	NS	NS	carcinoma	adenocarcinoma	NS	 	8,34	 	 	Tumour Sample	 	 	 	 	 	 	 
PD1479a	898173	 	 	stomach	NS	NS	carcinoma	adenocarcinoma	NS	 	8,34	 	 	Tumour Sample	 	 	 	 	 	 	 
PD1480a	898175	 	 	stomach	NS	NS	carcinoma	adenocarcinoma	NS	 	8,34	 	 	Tumour Sample	 	 	 	 	 	 	 
PD1481a	898179	 	 	stomach	NS	NS	carcinoma	adenocarcinoma	NS	 	8,34	 	 	Tumour Sample	 	 	 	 	 	 	 
PD1482a	898181	 	 	stomach	NS	NS	carcinoma	adenocarcinoma	NS	 	8,34	 	 	Tumour Sample	 	 	 	 	 	 	 
PD1483a	898183	 	 	stomach	NS	NS	carcinoma	adenocarcinoma	NS	 	8,34	 	 	Tumour Sample	 	 	 	 	 	 	 
PD1487a	749758	 	 	central_nervous_system	brain	NS	glioma	NS	NS	16618716,16618716	7,34	 	 	Tumour Sample	 	 	 	 	 	 	 
PD1489a	753417	 	 	central_nervous_system	brain	NS	glioma	NS	NS	16618716,16618716	7,34	 	 	Tumour Sample	 	 	 	 	 	 	 
PD1493a	753418	 	 	central_nervous_system	brain	NS	glioma	NS	NS	16618716,16618716	7,34	 	 	Tumour Sample	 	 	 	 	 	 	 
PD1494a	753419	 	 	central_nervous_system	brain	NS	glioma	NS	NS	16618716,16618716	7,34	 	 	Tumour Sample	 	 	 	 	 	 	 
PD1505a	753420	 	 	large_intestine	NS	NS	carcinoma	adenocarcinoma	NS	 	28,34	 	 	Tumour Sample	 	 	 	 	 	 	 
PD1506a	753421	 	 	large_intestine	NS	NS	carcinoma	adenocarcinoma	NS	 	28,34	 	 	Tumour Sample	 	 	 	 	 	 	 
PD1507a	753422	 	 	large_intestine	NS	NS	carcinoma	adenocarcinoma	NS	 	28,34	 	 	Tumour Sample	 	 	 	 	 	 	 
PD1508a	753423	 	 	large_intestine	NS	NS	carcinoma	adenocarcinoma	NS	 	28,34	 	 	Tumour Sample	 	 	 	 	 	 	 
PD1509a	753424	 	 	large_intestine	NS	NS	carcinoma	adenocarcinoma	NS	 	28,34	 	 	Tumour Sample	 	 	 	 	 	 	 
PD1510a	753425	 	 	large_intestine	NS	NS	carcinoma	adenocarcinoma	NS	 	28,34	 	 	Tumour Sample	 	 	 	 	 	 	 
PD1511a	753426	 	 	large_intestine	NS	NS	carcinoma	adenocarcinoma	NS	 	28,34	 	 	Tumour Sample	 	 	 	 	 	 	 
PD1512a	753427	 	 	large_intestine	NS	NS	carcinoma	adenocarcinoma	NS	 	28,34	 	 	Tumour Sample	 	 	 	 	 	 	 
PD1513a	753428	 	 	large_intestine	NS	NS	carcinoma	adenocarcinoma	NS	 	28,34	 	 	Tumour Sample	 	 	 	 	 	 	 
PD1514a	753429	 	 	large_intestine	NS	NS	carcinoma	adenocarcinoma	NS	 	28,34	 	 	Tumour Sample	 	 	 	 	 	 	 
PD1515a	753430	 	 	large_intestine	NS	NS	carcinoma	adenocarcinoma	NS	 	28,34	 	 	Tumour Sample	 	 	 	 	 	 	 
PD1516a	753431	 	 	large_intestine	NS	NS	carcinoma	adenocarcinoma	NS	 	28,34	 	 	Tumour Sample	 	 	 	 	 	 	 
PD1517a	753432	 	 	large_intestine	NS	NS	carcinoma	adenocarcinoma	NS	 	28,34	 	 	Tumour Sample	 	 	 	 	 	 	 
PD1518a	753433	 	 	large_intestine	NS	NS	carcinoma	adenocarcinoma	NS	 	28,34	 	 	Tumour Sample	 	 	 	 	 	 	 
PD1519a	753434	 	 	large_intestine	NS	NS	carcinoma	adenocarcinoma	NS	 	28,34	 	 	Tumour Sample	 	 	 	 	 	 	 
PD1520a	753435	 	 	large_intestine	NS	NS	carcinoma	adenocarcinoma	NS	 	28,34	 	 	Tumour Sample	 	 	 	 	 	 	 
PD1521a	753436	 	 	large_intestine	NS	NS	carcinoma	adenocarcinoma	NS	 	28,34	 	 	Tumour Sample	 	 	 	 	 	 	 
PD1522a	753437	 	 	large_intestine	NS	NS	carcinoma	adenocarcinoma	NS	 	28,34	 	 	Tumour Sample	 	 	 	 	 	 	 
PD1523a	753438	 	 	large_intestine	NS	NS	carcinoma	adenocarcinoma	NS	 	28,34	 	 	Tumour Sample	 	 	 	 	 	 	 
PD1524a	753439	 	 	large_intestine	NS	NS	carcinoma	adenocarcinoma	NS	 	28,34	 	 	Tumour Sample	 	 	 	 	 	 	 
PD1525a	753440	 	 	large_intestine	NS	NS	carcinoma	adenocarcinoma	NS	 	28,34	 	 	Tumour Sample	 	 	 	 	 	 	 
PD1526a	753441	 	 	large_intestine	NS	NS	carcinoma	adenocarcinoma	NS	 	28,34	 	 	Tumour Sample	 	 	 	 	 	 	 
PD1527a	753442	 	 	large_intestine	NS	NS	carcinoma	adenocarcinoma	NS	 	28,34	 	 	Tumour Sample	 	 	 	 	 	 	 
PD1528a	753443	 	 	large_intestine	NS	NS	carcinoma	adenocarcinoma	NS	 	28,34	 	 	Tumour Sample	 	 	 	 	 	 	 
PD1529a	753444	 	 	large_intestine	NS	NS	carcinoma	adenocarcinoma	NS	 	28,34	 	 	Tumour Sample	 	 	 	 	 	 	 
PD1530a	753445	 	 	large_intestine	NS	NS	carcinoma	adenocarcinoma	NS	 	28,34	 	 	Tumour Sample	 	 	 	 	 	 	 
PD1531a	753446	 	 	large_intestine	NS	NS	carcinoma	adenocarcinoma	NS	 	28,34	 	 	Tumour Sample	 	 	 	 	 	 	 
PD1532a	753447	 	 	large_intestine	NS	NS	carcinoma	adenocarcinoma	NS	 	28,34	 	 	Tumour Sample	 	 	 	 	 	 	 
PD1533a	753448	 	 	large_intestine	NS	NS	carcinoma	adenocarcinoma	NS	 	28,34	 	 	Tumour Sample	 	 	 	 	 	 	 
PD1534a	753449	 	 	large_intestine	NS	NS	carcinoma	adenocarcinoma	NS	 	28,34	 	 	Tumour Sample	 	 	 	 	 	 	 
PD1536a	753450	 	 	central_nervous_system	brain	NS	glioma	NS	NS	16618716,16618716	7,34	 	 	Tumour Sample	 	 	 	 	 	 	 
PD1537a	753451	 	 	central_nervous_system	brain	NS	glioma	NS	NS	16618716,16618716	7,34	 	 	Tumour Sample	 	 	 	 	 	 	 
PD1538a	753452	 	 	central_nervous_system	brain	NS	glioma	NS	NS	16618716,16618716	7,34	 	 	Tumour Sample	 	 	 	 	 	 	 
PD1540a	753454	 	 	central_nervous_system	brain	NS	glioma	NS	NS	16618716,16618716	7,34	 	 	Tumour Sample	 	 	 	 	 	 	 
PD1541a	753114	 	 	haematopoietic_and_lymphoid_tissue	NS	NS	lymphoid_neoplasm	acute_lymphoblastic_leukaemia	NS	 	31,34	 	 	Tumour Sample	 	 	 	 	 	 	 
PD1542a	753115	 	 	haematopoietic_and_lymphoid_tissue	NS	NS	lymphoid_neoplasm	acute_lymphoblastic_leukaemia	NS	 	31,34	 	 	Tumour Sample	 	 	 	 	 	 	 
PD1544a	753117	 	 	haematopoietic_and_lymphoid_tissue	NS	NS	lymphoid_neoplasm	acute_lymphoblastic_leukaemia	NS	 	31,34	 	 	Tumour Sample	 	 	 	 	 	 	 
PD1545a	753118	 	 	haematopoietic_and_lymphoid_tissue	NS	NS	lymphoid_neoplasm	acute_lymphoblastic_leukaemia	NS	 	31,34	 	 	Tumour Sample	 	 	 	 	 	 	 
PD1546a	753119	 	 	haematopoietic_and_lymphoid_tissue	NS	NS	lymphoid_neoplasm	acute_lymphoblastic_leukaemia	NS	 	31,34	 	 	Tumour Sample	 	 	 	 	 	 	 
PD1547a	753120	 	 	haematopoietic_and_lymphoid_tissue	NS	NS	lymphoid_neoplasm	acute_lymphoblastic_leukaemia	NS	 	31,34	 	 	Tumour Sample	 	 	 	 	 	 	 
PD1548a	753121	 	 	haematopoietic_and_lymphoid_tissue	NS	NS	lymphoid_neoplasm	acute_lymphoblastic_leukaemia	NS	 	31,34	 	 	Tumour Sample	 	 	 	 	 	 	 
PD1549a	753122	 	 	haematopoietic_and_lymphoid_tissue	NS	NS	lymphoid_neoplasm	acute_lymphoblastic_leukaemia	NS	 	31,34	 	 	Tumour Sample	 	 	 	 	 	 	 
PD1550a	753127	 	 	haematopoietic_and_lymphoid_tissue	NS	NS	haematopoietic_neoplasm	myelodysplastic_syndrome	NS	 	29,34	 	 	Tumour Sample	 	 	 	 	 	 	 
PD1551a	753128	 	 	haematopoietic_and_lymphoid_tissue	NS	NS	haematopoietic_neoplasm	myelodysplastic_syndrome	NS	 	29,34	 	 	Tumour Sample	 	 	 	 	 	 	 
PD1552a	753129	 	 	haematopoietic_and_lymphoid_tissue	NS	NS	haematopoietic_neoplasm	myelodysplastic_syndrome	NS	 	29,34	 	 	Tumour Sample	 	 	 	 	 	 	 
PD1553a	753130	 	 	haematopoietic_and_lymphoid_tissue	NS	NS	haematopoietic_neoplasm	myelodysplastic_syndrome	NS	 	29,34	 	 	Tumour Sample	 	 	 	 	 	 	 
PD1554a	753124	 	 	haematopoietic_and_lymphoid_tissue	NS	NS	haematopoietic_neoplasm	myelodysplastic_syndrome	NS	 	29,34	 	 	Tumour Sample	 	 	 	 	 	 	 
PD1555a	753125	 	 	haematopoietic_and_lymphoid_tissue	NS	NS	haematopoietic_neoplasm	myelodysplastic_syndrome	NS	 	29,34	 	 	Tumour Sample	 	 	 	 	 	 	 
PD1556a	753126	 	 	haematopoietic_and_lymphoid_tissue	NS	NS	haematopoietic_neoplasm	myelodysplastic_syndrome	NS	 	29,34	 	 	Tumour Sample	 	 	 	 	 	 	 
PD1557a	753142	 	 	haematopoietic_and_lymphoid_tissue	NS	NS	haematopoietic_neoplasm	myelodysplastic_syndrome	NS	 	29,34	 	 	Tumour Sample	 	 	 	 	 	 	 
PD1558a	753131	 	 	haematopoietic_and_lymphoid_tissue	NS	NS	haematopoietic_neoplasm	myelodysplastic_syndrome	NS	 	29,34	 	 	Tumour Sample	 	 	 	 	 	 	 
PD1559a	753132	 	 	haematopoietic_and_lymphoid_tissue	NS	NS	haematopoietic_neoplasm	myelodysplastic_syndrome	NS	 	29,34	 	 	Tumour Sample	 	 	 	 	 	 	 
PD1560a	753133	 	 	haematopoietic_and_lymphoid_tissue	NS	NS	haematopoietic_neoplasm	myelodysplastic_syndrome	NS	 	29,34	 	 	Tumour Sample	 	 	 	 	 	 	 
PD1561a	753123	 	 	haematopoietic_and_lymphoid_tissue	NS	NS	haematopoietic_neoplasm	myelodysplastic_syndrome	NS	 	29,34	 	 	Tumour Sample	 	 	 	 	 	 	 
PD1562a	753134	 	 	haematopoietic_and_lymphoid_tissue	NS	NS	haematopoietic_neoplasm	myelodysplastic_syndrome	NS	 	29,34	 	 	Tumour Sample	 	 	 	 	 	 	 
PD1563a	753135	 	 	haematopoietic_and_lymphoid_tissue	NS	NS	haematopoietic_neoplasm	myelodysplastic_syndrome	NS	 	29,34	 	 	Tumour Sample	 	 	 	 	 	 	 
PD1564a	753136	 	 	haematopoietic_and_lymphoid_tissue	NS	NS	haematopoietic_neoplasm	myelodysplastic_syndrome	NS	 	29,34	 	 	Tumour Sample	 	 	 	 	 	 	 
PD1565a	753141	 	 	haematopoietic_and_lymphoid_tissue	NS	NS	haematopoietic_neoplasm	myelodysplastic_syndrome	NS	 	29,34	 	 	Tumour Sample	 	 	 	 	 	 	 
PD1567a	753137	 	 	haematopoietic_and_lymphoid_tissue	NS	NS	haematopoietic_neoplasm	myelodysplastic_syndrome	NS	 	29,34	 	 	Tumour Sample	 	 	 	 	 	 	 
PD1568a	753138	 	 	haematopoietic_and_lymphoid_tissue	NS	NS	haematopoietic_neoplasm	myelodysplastic_syndrome	NS	 	29,34	 	 	Tumour Sample	 	 	 	 	 	 	 
PD1569a	753139	 	 	haematopoietic_and_lymphoid_tissue	NS	NS	haematopoietic_neoplasm	myelodysplastic_syndrome	NS	 	29,34	 	 	Tumour Sample	 	 	 	 	 	 	 
PD1578a	753463	 	 	kidney	NS	NS	carcinoma	NS	NS	20054297,20054297	33,34	 	 	Tumour Sample	 	 	 	 	 	 	 
PD1580a	753465	 	 	kidney	NS	NS	carcinoma	NS	NS	20054297,20054297	33,34	 	 	Tumour Sample	 	 	 	 	 	 	 
PD1582a	753467	 	 	kidney	NS	NS	carcinoma	NS	NS	20054297,20054297	33,34	 	 	Tumour Sample	 	 	 	 	 	 	 
PD1583a	753468	 	 	kidney	NS	NS	carcinoma	NS	NS	20054297,20054297	33,34	 	 	Tumour Sample	 	 	 	 	 	 	 
PD1588a	753473	 	 	kidney	NS	NS	carcinoma	NS	NS	20054297,20054297	33,34	 	 	Tumour Sample	 	 	 	 	 	 	 
PD1590a	753475	 	 	kidney	NS	NS	carcinoma	NS	NS	20054297,20054297	33,34	 	 	Tumour Sample	 	 	 	 	 	 	 
PD1746a	919195	 	 	kidney	NS	NS	carcinoma	papillary_renal_cell_carcinoma	NS	20054297,20054297	33,34	 	 	Tumour Sample	 	 	 	 	 	 	 
PD1747a	919196	 	 	kidney	NS	NS	carcinoma	papillary_renal_cell_carcinoma	NS	20054297,20054297	33,34	 	 	Tumour Sample	 	 	 	 	 	 	 
PD1748a	919197	 	 	kidney	NS	NS	carcinoma	papillary_renal_cell_carcinoma	NS	20054297,20054297	33,34	 	 	Tumour Sample	 	 	 	 	 	 	 
PD1753a	919182	 	 	kidney	NS	NS	carcinoma	clear_cell_renal_cell_carcinoma	NS	20054297,20054297	33,34	 	 	Tumour Sample	 	 	 	 	 	 	 
PD1754a	919183	 	 	kidney	NS	NS	carcinoma	clear_cell_renal_cell_carcinoma	NS	20054297,20054297	33,34	 	 	Tumour Sample	 	 	 	 	 	 	 
PD1755a	919184	 	 	kidney	NS	NS	carcinoma	clear_cell_renal_cell_carcinoma	NS	20054297,20054297	33,34	 	 	Tumour Sample	 	 	 	 	 	 	 
PD1756a	919185	 	 	kidney	NS	NS	carcinoma	clear_cell_renal_cell_carcinoma	NS	20054297,20054297	33,34	 	 	Tumour Sample	 	 	 	 	 	 	 
PD1757a	919186	 	 	kidney	NS	NS	carcinoma	clear_cell_renal_cell_carcinoma	NS	20054297,20054297	33,34	 	 	Tumour Sample	 	 	 	 	 	 	 
PD1758a	919187	 	 	kidney	NS	NS	carcinoma	clear_cell_renal_cell_carcinoma	NS	20054297,20054297	33,34	 	 	Tumour Sample	 	 	 	 	 	 	 
PD1759a	919189	 	 	kidney	NS	NS	carcinoma	clear_cell_renal_cell_carcinoma	NS	20054297,20054297	33,34	 	 	Tumour Sample	 	 	 	 	 	 	 
PD1762a	919191	 	 	kidney	NS	NS	carcinoma	clear_cell_renal_cell_carcinoma	NS	20054297,20054297	33,34	 	 	Tumour Sample	 	 	 	 	 	 	 
PD1763a	919192	 	 	kidney	NS	NS	carcinoma	clear_cell_renal_cell_carcinoma	NS	20054297,20054297	33,34	 	 	Tumour Sample	 	 	 	 	 	 	 
PD1764a	919193	 	 	kidney	NS	NS	carcinoma	clear_cell_renal_cell_carcinoma	NS	20054297,20054297	33,34	 	 	Tumour Sample	 	 	 	 	 	 	 
PD1766a	919194	 	 	kidney	NS	NS	carcinoma	clear_cell_renal_cell_carcinoma	NS	20054297,20054297	33,34	 	 	Tumour Sample	 	 	 	 	 	 	 
PD1770a	919175	 	 	kidney	NS	NS	carcinoma	chromophobe_renal_cell_carcinoma	NS	20054297,20054297	33,34	 	 	Tumour Sample	 	 	 	 	 	 	 
PD1772a	919177	 	 	kidney	NS	NS	carcinoma	chromophobe_renal_cell_carcinoma	NS	20054297,20054297	33,34	 	 	Tumour Sample	 	 	 	 	 	 	 
PD1773a	919173	 	 	kidney	NS	NS	Wilms_tumour	NS	NS	20054297,20054297	33,34	 	 	Tumour Sample	 	 	 	 	 	 	 
PD3176a	1089998	 	 	salivary_gland	parotid	NS	carcinoma	adenoid_cystic_carcinoma	NS	 	264	 	 	Tumour Sample	 	 	 	 	 	 	 
PD3177a	1089999	 	 	salivary_gland	parotid	NS	carcinoma	adenoid_cystic_carcinoma	NS	 	264	 	 	Tumour Sample	 	 	 	 	 	 	 
PD3178a	1090016	 	 	upper_aerodigestive_tract	mouth	tongue	carcinoma	adenoid_cystic_carcinoma	NS	 	264	 	 	Tumour Sample	 	 	 	 	 	 	 
PD3179a	1090002	 	 	salivary_gland	parotid	NS	carcinoma	adenoid_cystic_carcinoma	NS	 	264	 	 	Tumour Sample	 	 	 	 	 	 	 
PD3180a	1089997	 	 	salivary_gland	parotid	NS	carcinoma	adenoid_cystic_carcinoma	NS	 	264	 	 	Tumour Sample	 	 	 	 	 	 	 
PD3181a	1090023	 	 	salivary_gland	parotid	NS	carcinoma	adenoid_cystic_carcinoma	NS	 	264	 	 	Tumour Sample	 	 	 	 	 	 	 
PD3182a	1090001	 	 	salivary_gland	parotid	NS	carcinoma	adenoid_cystic_carcinoma	NS	 	264	 	 	Tumour Sample	 	 	 	 	 	 	 
PD3183a	1090032	 	 	salivary_gland	parotid	NS	carcinoma	adenoid_cystic_carcinoma	NS	 	264	 	 	Tumour Sample	 	 	 	 	 	 	 
PD3184a	1090036	 	 	upper_aerodigestive_tract	mouth	maxilla	carcinoma	adenoid_cystic_carcinoma	NS	 	264	 	 	Tumour Sample	 	 	 	 	 	 	 
PD3185a	1090035	 	 	upper_aerodigestive_tract	mouth	mouth_roof	carcinoma	adenoid_cystic_carcinoma	NS	 	264	 	 	Tumour Sample	 	 	 	 	 	 	 
PD3186a	1090033	 	 	upper_aerodigestive_tract	mouth	tongue	carcinoma	adenoid_cystic_carcinoma	NS	 	264	 	 	Tumour Sample	 	 	 	 	 	 	 
PD3187a	1090030	 	 	upper_aerodigestive_tract	mouth	maxilla	carcinoma	adenoid_cystic_carcinoma	NS	 	264	 	 	Tumour Sample	 	 	 	 	 	 	 
PD3188a	1090026	 	 	upper_aerodigestive_tract	NS	NS	carcinoma	NS	NS	 	264	 	 	Tumour Sample	 	 	 	 	 	 	 
PD3189a	1090025	 	 	upper_aerodigestive_tract	head_neck	orbit	carcinoma	adenoid_cystic_carcinoma	NS	 	264	 	 	Tumour Sample	 	 	 	 	 	 	 
PD3190a	1090027	 	 	upper_aerodigestive_tract	lymph_node	NS	carcinoma	adenoid_cystic_carcinoma	NS	 	264	 	 	Tumour Sample	 	 	 	 	 	 	 
PD3192a	1089992	 	 	upper_aerodigestive_tract	head_neck	orbit	carcinoma	adenoid_cystic_carcinoma	NS	 	264	 	 	Tumour Sample	 	 	 	 	 	 	 
PD3195a	1090021	 	 	upper_aerodigestive_tract	mouth	maxilla	carcinoma	adenoid_cystic_carcinoma	NS	 	264	 	 	Tumour Sample	 	 	 	 	 	 	 
PD3196a	1089991	 	 	upper_aerodigestive_tract	mouth	mouth_floor	carcinoma	adenoid_cystic_carcinoma	NS	 	264	 	 	Tumour Sample	 	 	 	 	 	 	 
PD3197a	1090009	 	 	upper_aerodigestive_tract	mouth	maxilla	carcinoma	adenoid_cystic_carcinoma	NS	 	264	 	 	Tumour Sample	 	 	 	 	 	 	 
PD3198a	1090004	 	 	upper_aerodigestive_tract	mouth	maxilla	carcinoma	adenoid_cystic_carcinoma	NS	 	264	 	 	Tumour Sample	 	 	 	 	 	 	 
PD3199a	1090013	 	 	upper_aerodigestive_tract	NS	NS	carcinoma	NS	NS	 	264	 	 	Tumour Sample	 	 	 	 	 	 	 
PD3200a	1089987	 	 	salivary_gland	parotid	NS	carcinoma	adenoid_cystic_carcinoma	NS	 	264	 	 	Tumour Sample	 	 	 	 	 	 	 
PD3208a	1090174	 	 	upper_aerodigestive_tract	NS	NS	carcinoma	NS	NS	 	264	 	 	Tumour Sample	 	 	 	 	 	 	 
PD3216a	1090149	 	 	upper_aerodigestive_tract	NS	NS	carcinoma	NS	NS	 	264	 	 	Tumour Sample	 	 	 	 	 	 	 
PD3226a	1090183	 	 	salivary_gland	NS	NS	carcinoma	NS	NS	 	264	 	 	Tumour Sample	 	 	 	 	 	 	 
Pa01C	1509848	 	 	pancreas	NS	NS	carcinoma	ductal_carcinoma	NS	18772397	332	 	 	Cultured Sample	 	 	 	 	 	 	 
Pa02C	1509849	 	 	pancreas	NS	NS	carcinoma	ductal_carcinoma	NS	18772397	332	 	 	Cultured Sample	 	 	 	 	 	 	 
Pa03C	1509850	 	 	pancreas	NS	NS	carcinoma	ductal_carcinoma	NS	18772397	332	 	 	Cultured Sample	 	 	 	 	 	 	 
Pa04C	1509851	 	 	pancreas	NS	NS	carcinoma	ductal_carcinoma	NS	18772397	332	 	 	Cultured Sample	 	 	 	 	 	 	 
Pa05X	1509852	 	 	pancreas	NS	NS	carcinoma	ductal_carcinoma	NS	18772397	332	 	 	Cultured Sample	 	 	 	 	 	 	 
Pa07C	1509853	 	 	pancreas	NS	NS	carcinoma	ductal_carcinoma	NS	18772397	332	 	 	Cultured Sample	 	 	 	 	 	 	 
Pa08C	1509854	 	 	pancreas	NS	NS	carcinoma	ductal_carcinoma	NS	18772397	332	 	 	Cultured Sample	 	 	 	 	 	 	 
Pa09C	1509855	 	 	pancreas	NS	NS	carcinoma	ductal_carcinoma	NS	18772397	332	 	 	Cultured Sample	 	 	 	 	 	 	 
Pa10X	1509856	 	 	pancreas	NS	NS	carcinoma	ductal_carcinoma	NS	18772397	332	 	 	Cultured Sample	 	 	 	 	 	 	 
Pa11X	1509857	 	 	pancreas	NS	NS	carcinoma	ductal_carcinoma	NS	18772397	332	 	 	Cultured Sample	 	 	 	 	 	 	 
Pa14C	1509858	 	 	pancreas	NS	NS	carcinoma	ductal_carcinoma	NS	18772397	332	 	 	Cultured Sample	 	 	 	 	 	 	 
Pa16C	1509859	 	 	pancreas	NS	NS	carcinoma	ductal_carcinoma	NS	18772397	332	 	 	Cultured Sample	 	 	 	 	 	 	 
Pa18C	1509860	 	 	pancreas	NS	NS	carcinoma	ductal_carcinoma	NS	18772397	332	 	 	Cultured Sample	 	 	 	 	 	 	 
Pa20C	1509861	 	 	pancreas	NS	NS	carcinoma	ductal_carcinoma	NS	18772397	332	 	 	Cultured Sample	 	 	 	 	 	 	 
Pa21C	1509862	 	 	pancreas	NS	NS	carcinoma	ductal_carcinoma	NS	18772397	332	 	 	Cultured Sample	 	 	 	 	 	 	 
Pa28C	1509863	 	 	pancreas	NS	NS	carcinoma	ductal_carcinoma	NS	18772397	332	 	 	Cultured Sample	 	 	 	 	 	 	 
Pa29C	1509864	 	 	biliary_tract	bile_duct	NS	carcinoma	ductal_carcinoma	NS	18772397	332	 	 	Cultured Sample	 	 	 	 	 	 	 
Pa34X	1509865	 	 	biliary_tract	bile_duct	NS	carcinoma	ductal_carcinoma	NS	18772397	332	 	 	Cultured Sample	 	 	 	 	 	 	 
Pa36X	1509866	 	 	pancreas	NS	NS	carcinoma	ductal_carcinoma	NS	18772397	332	 	 	Cultured Sample	 	 	 	 	 	 	 
Pa37X	1509867	 	 	pancreas	NS	NS	carcinoma	ductal_carcinoma	NS	18772397	332	 	 	Cultured Sample	 	 	 	 	 	 	 
Pa38X	1509868	 	 	pancreas	NS	NS	carcinoma	ductal_carcinoma	NS	18772397	332	 	 	Cultured Sample	 	 	 	 	 	 	 
Pa39X	1509869	 	 	pancreas	NS	NS	carcinoma	ductal_carcinoma	NS	18772397	332	 	 	Cultured Sample	 	 	 	 	 	 	 
Pa41X	1509870	 	 	pancreas	NS	NS	carcinoma	ductal_carcinoma	NS	18772397	332	 	 	Cultured Sample	 	 	 	 	 	 	 
Pa43X	1509871	 	 	pancreas	NS	NS	carcinoma	ductal_carcinoma	NS	18772397	332	 	 	Cultured Sample	 	 	 	 	 	 	 
